VIET_awkward_encounter_public;Awkward Encounter in Public;Rencontre maladroite en public;;;;;;;;;;;;x
VIET_awkward_encounter_public_desc;This character recently did something awkward in public, and not only that, everyone is gossiping about it!;Ce personnage a récemment fait quelque chose de bizarre en public, et pas seulement, tout le monde bavarde à ce sujet !;;;;;;;;;;;;x
VIET_constant_muslim_fasting;Frequent Fasting;Jeûne fréquent;;;;;;;;;;;;x
VIET_constant_muslim_fasting_desc;This pious Muslim fasts every now and then, even when it isn't Ramadan!;Ce pieux musulman jeûne de temps en temps, même quand ce n'est pas le Ramadan !;;;;;;;;;;;;x
VIET_remembering_childhood_love;Remembering Childhood Love;Souvenir de l'amour de l'enfance;;;;;;;;;;;;x
VIET_remembering_childhood_love_desc;We were so young, so innocent... and even now, so many years later, the memories of the laughter and joy we shared haunt me.;Nous étions si jeunes, si innocents ... et même maintenant, de nombreuses années plus tard, les souvenirs de rire et de joie que nous avons partagés me hantent.;;;;;;;;;;;;x
VIET_eating_baklava;Ate Baklava;A mangé Baklava;;;;;;;;;;;;x
VIET_eating_baklava_desc;This character recently had the good fortune of eating some of the most delicious baklava around.;Ce personnage a récemment eu la chance de manger l'un des baklava les plus délicieux qui soit.;;;;;;;;;;;;x
VIET_rewarded_oblivion_guard;Rewarded Dutiful Guard;Garde du mérite récompensée;;;;;;;;;;;;x
VIET_rewarded_oblivion_guard_desc;This ruler recently witnessed dutiful guard performing their duties most admirably, and rewarded them.;Ce souverain a récemment vu des gardes consciencieux s'acquitter de leurs fonctions avec la plus grande admiration et les récompenser.;;;;;;;;;;;;x
VIET_was_oblivion_guard;Was Dutiful Town Guard;Était un garde consciencieux de la ville;;;;;;;;;;;;x
VIET_was_oblivion_guard_desc;This character had humble origins as a town guard, but the experience was very formative to their zealous sense of justice.;Ce personnage avait des origines modestes en tant que garde de ville, mais l'expérience a été très déterminante pour son sens zélé de la justice.;;;;;;;;;;;;x
VIET_opinion_publically_chastised_me;Publically Chastised Me;M'a publiquement châtié;;;;;;;;;;;;x
VIET_opinion_inappropriate_speech;Inappropriate Speech;Discours inapproprié;;;;;;;;;;;;x
VIET_province_bridge_collapse;Recent Bridge Collapse;Effondrement récent d'un pont;;;;;;;;;;;;x
VIET_province_bridge_collapse_desc;A bridge recently collapsed in this region. It was a major one, serving as a major connector between various settlements and facilitating trade. Even the briefest interruption will have undesirable consequences to the local economy.;Un pont s'est récemment effondré dans cette région. C'était un important pont servant de lien majeur entre divers établissements et facilitant les échanges. Même la plus brève interruption aura des conséquences indésirables sur l'économie locale.;;;;;;;;;;;;x
VIET_helped_emergency_quickly;Quickly Aided Locals During Emergency;A aidés les locaux rapidement dans l'urgence;;;;;;;;;;;;x
VIET_helped_emergency_quickly_desc;This character used their leadership to help pull together the local populace during a recent emergency.;Ce personnage a utilisé son leadership pour aider à rassembler la population locale lors d'une urgence récente.;;;;;;;;;;;;x
VIET_ignored_emergency;Ignored Locals During Emergency;Locaux ignorés pendant l'urgence;;;;;;;;;;;;x
VIET_ignored_emergency_desc;Despite having the responsibility to do so, this character ignored the plight of the local populace under their protection during a recent emergency.;Bien qu'ayant la responsabilité de le faire, ce personnage a ignoré le sort tragique de la population locale sous sa protection lors d'une récente urgence.;;;;;;;;;;;;x
VIET_province_mysterious_colors;Mysterious Colors in the Sky;Couleurs mystérieuses dans le ciel;;;;;;;;;;;;x
VIET_province_mysterious_colors_desc;A strange phenomenon has been reported in the area - at random times during the day, the sky becomes unnatural colors such as pink. No one knows why this is happening.;Un phénomène étrange a été signalé dans la région - à des moments aléatoires de la journée, le ciel prend des couleurs peu naturelles comme le rose. Personne ne sait pourquoi cela se produit.;;;;;;;;;;;;x
VIET_province_haunted_ship;Haunted Ship in the Sky;Navire hanté dans le ciel;;;;;;;;;;;;x
VIET_province_haunted_ship_desc;Reports abound of a haunted ship, floating in the sky. It is most likely collective delusions and hallucinations, and nothing else.;Les rapports abondent sur un navire hanté, flottant dans le ciel. Ce sont très probablement des délires collectifs et des hallucinations, et rien d'autre.;;;;;;;;;;;;x
VIET_province_recent_sandstorm;Recent Sandstorm;Tempête de sable récente;;;;;;;;;;;;x
VIET_province_recent_sandstorm_desc;A sandstorm recently swept through the region, killing many and causing much damage.;Une tempête de sable a récemment balayé la région, faisant de nombreuses victimes et causant de nombreux dégâts.;;;;;;;;;;;;x
VIET_touched_poop;Got Hands Dirty;A les mains sales;;;;;;;;;;;;x
VIET_touched_poop_desc;This character recently got their hands in some unsanitary excrement due to their irrational dedication to their workaholic tendencies....;Ce personnage a récemment mis la main sur des excréments insalubres en raison de son dévouement irrationnel aux tendances de son bourreau de travail ....;;;;;;;;;;;;x
VIET_thinking_about_foreign_lands;Thinking About Foreign Lands;Pense aux terres étrangères;;;;;;;;;;;;x
VIET_thinking_about_foreign_lands_desc;This character has been contemplating the peoples, customs, and geographies of faraway realms as of late.;Ce personnage a récemment contemplé les peuples, les coutumes et les géographies de royaumes lointains.;;;;;;;;;;;;x
VIET_girl_power;Supports Female Empowerment;Soutient l'autonomisation des femmes;;;;;;;;;;;;x
VIET_girl_power_desc;"Things would surely be better if women were in charge... right?";"Les choses iraient sûrement mieux si les femmes étaient aux commandes ... pas vrai ?";;;;;;;;;;;;x
VIET_chinese_rumors;Tales from China;Contes de Chine;;;;;;;;;;;;x
VIET_chinese_rumors_desc;This character is interested in the latest news and stories from China. Whether these stories are true, of course, is another matter altogether.;Ce personnage s'intéresse aux dernières nouvelles et histoires de Chine. Que ces histoires soient vraies, bien sûr, est une autre question.;;;;;;;;;;;;x
VIET_sexist_against_women;Looks Down on Women;Regarde les femmes;;;;;;;;;;;;x
VIET_sexist_against_women_desc;"I have nothing against women - why, my own mother was a woman! They are merely inferior to men. It's just logical!";"Je n'ai rien contre les femmes. Pourquoi cela serait le cas, ma propre mère était une femme ! Elles sont simplement inférieures aux hommes. C'est tout simplement logique !";;;;;;;;;;;;x
VIET_nerd_hates_sports;Hates Sports;Déteste le sport;;;;;;;;;;;;x
VIET_nerd_hates_sports_desc;This character recently made it clear that they don't like sports.;Ce personnage a récemment fait savoir qu'il n'aimait pas le sport.;;;;;;;;;;;;x
VIET_opinion_patron;Patronized Me;M'a Patronisé;;;;;;;;;;;;x
VIET_opinion_amazing_court_singer;Amazing Court Singer;Chanteur incroyable de la cour;;;;;;;;;;;;x
VIET_famous_bard_province;Famous Bard;Célèbre barde;;;;;;;;;;;;x
VIET_famous_bard_province_desc;A bard whose poetry and song is of peerless quality dwells in this land. Yet despite his talents, he refuses to perform for the rich and powerful, and instead goes around the various villages and towns in the region, inspiring the locals and commoners to do great deeds.;Un barde dont la poésie et la chanson sont d'une qualité sans pareil réside dans ce pays. Pourtant, malgré ses talents, il refuse de se produire pour les riches et les puissants, mais se promène plutôt dans les différents villages et villes de la région, incitant les habitants et les citoyens à accomplir de grandes actions.;;;;;;;;;;;;x
VIET_province_flat_stone;Ancient Stone Monument;Ancien monument en pierre;;;;;;;;;;;;x
VIET_province_flat_stone_desc;A single flat stone of considerable size lies somewhere in the wilderness of this province. It must have been carved by bygone peoples from centuries ago, though local attributes some miraculous properties to it. It is too large to be re-used, so it continues to sit, watching the world around it for all eternity.;Une seule pierre plate de taille considérable se situe quelque part dans la nature sauvage de cette province. Elle a dû être sculpté par des peuples révolus d'il y a des siècles, bien que les habitants lui attribuent des propriétés miraculeuses. Elle est trop grosse pour être réutilisée, elle continue donc de rester assise à regarder le monde autour d'elle pour l'éternité.;;;;;;;;;;;;x
VIET_amazing_singer_modifier;Amazing Singer;Chanteuse étonnante;;;;;;;;;;;;x
VIET_amazing_singer_modifier_desc;This woman is an amazing singer and musician. Even when she sings a simple children's song, she can enchant and soften the most stone-cold of hearts.;Cette femme est une chanteuse et musicienne extraordinaire. Même quand elle chante une simple chanson pour enfants, elle peut enchanter et adoucir les cœurs les plus froids.;;;;;;;;;;;;x
VIET_amazing_singer_husbando_modifier;Husband of Amazing Singer;Époux de la chanteuse étonnante;;;;;;;;;;;;x
VIET_amazing_singer_husbando_modifier_desc;This man is or was married to one of the greatest singers and musicians of their generation. Though he did or does not have as much fame as she did or does, he still reaps some benefits from it.;Cet homme est ou était marié à l'une des plus grandes chanteuses et musiciennes de leur génération. Bien qu'il ait eu ou n'ait pas eu autant de célébrité qu'elle a avait ou qu'elle a, il en tire encore quelques avantages.;;;;;;;;;;;;x
VIET_opinion_interrupted_secret_conversation;Interrupted Secret Conversation;Conversation secrète interrompue;;;;;;;;;;;;x
VIET_opinion_suspicious_conversation;Suspicious Conversation;Conversation suspecte;;;;;;;;;;;;x
VIET_read_book_romance;Recently Read a Romance Novel;A récemment lu un roman d'amour;;;;;;;;;;;;x
VIET_read_book_romance_desc;"I pray, sir, tell me, is it possible\nThat love should of a sudden take such hold?";"Je vous en prie, monsieur, dites-moi, est-il possible\nQue cet amour prenne subitement une telle emprise ?";;;;;;;;;;;;x
VIET_read_book_gritty;Recently Read a Gritty, Dark Novel;A récemment lu un roman sombre et morne;;;;;;;;;;;;x
VIET_read_book_gritty_desc;Some people think darkness, nihilism, and filling a story with tons of mindless fornication and bloodshed somehow makes a story better. This character is one such deluded person.;Certaines personnes pensent que l'obscurité, le nihilisme et le fait de remplir une histoire avec des tonnes de fornications insensées et d'effusions de sang rendent en quelque sorte une histoire meilleure. Ce personnage est une telle personne trompée.;;;;;;;;;;;;x
VIET_read_book_fantasy;Recently Read a Fantastical Adventure Novel;A récemment lu un roman d'aventure fantastique;;;;;;;;;;;;x
VIET_read_book_fantasy_desc;"It's a dangerous business, going out your door. You step onto the road, and if you don't keep your feet, there's no knowing where you might be swept off to.";"C'est une entreprise dangereuse que de sortir par votre porte. Vous montez sur la route et si vous ne gardez pas les pieds, vous ne saurez pas où vous pourriez être entraîné.";;;;;;;;;;;;x
VIET_read_book_slice_of_life;Recently Read an Amusing Collection of Slice of Life Stories;A récemment lu une collection amusante d'histoires de la tranche de vie;;;;;;;;;;;;x
VIET_read_book_slice_of_life_desc;"Humans have a desire for truth or they have a desire to what they know is the truth. In other words, what the truth is exactly second to that. Be careful of what is the truth and what is lie. In other words, always doubt yourself. Harbor an inner devil as you read along... and I won't forget to add that by that point, you might have already fallen into my trap.";"Les humains ont un désir de vérité ou désirent ce qu'ils savent être la vérité. En d'autres termes, la vérité est exactement la seconde à cela. Faites attention à la vérité et au mensonge. En d'autres termes, doutez toujours de vous-même. Portez un démon intérieur en lisant... et je n'oublierai pas d'ajouter qu'à ce moment-là, vous êtes peut-être déjà tombé dans mon piège. ";;;;;;;;;;;;x
VIET_minty_fresh_breath;Minty Fresh Breath;Souffle frais menthe;;;;;;;;;;;;x
VIET_herbal_mouth_cleaning_other;Using Mouth-cleaning Herbs;Utiliser des herbes de nettoyage de bouche;;;;;;;;;;;;x
VIET_province_friendly_beach_ghost;Friendly Ghost of the Cliffs;Fantôme amical des falaises;;;;;;;;;;;;x
VIET_province_friendly_beach_ghost_desc;Sightings of a certain ghost are common in the coastal villages in this province. The ghost is, according to witnesses who claimed to have seen or even interacted with him, not malevolent whatsoever, and sometimes he even leads lost travelers find civilization again.;Les observations d'un certain fantôme sont courantes dans les villages côtiers de cette province. Selon des témoins qui ont affirmé l'avoir vu ou même échangé avec lui, le fantôme n'était pas malveillant du tout, et il ramenait même parfois les voyageurs égarés à la civilisation.;;;;;;;;;;;;x
VIET_interesting_idealistic_ideas;Interesting Idealistic Ideas;Idées idéalistes intéressantes;;;;;;;;;;;;x
VIET_interesting_idealistic_ideas_desc;This character is dreaming of something which seems impossible. But surely, anything is possible if you have the willpower, right?;Ce personnage rêve de quelque chose qui semble impossible. Mais sûrement, tout est possible si vous avez la volonté, non ?;;;;;;;;;;;;x
VIET_lack_of_good_sleep;Lack of Good Sleep;Manque de bon sommeil;;;;;;;;;;;;x
VIET_lack_of_good_sleep_desc;"You need to sleep. Stop staying up late all night doing who knows what!";"Tu as besoin de dormir. Arrête d'être encore debout toute la nuit en faisant tu sais quoi !";;;;;;;;;;;;x
VIET_quick_nap;Power Naps;Les siestes;;;;;;;;;;;;x
VIET_quick_nap_desc;Taking power naps is recommended to help refresh the spirit. This character is heeding that advice.;Faire des siestes est recommandé pour aider à rafraîchir l'esprit. Ce personnage tient compte de ce conseil.;;;;;;;;;;;;x
VIET_sore_muscles;Suffering from Sore Muscles;Souffrant de muscles endoloris;;;;;;;;;;;;x
VIET_sore_muscles_desc;This characters' muscles are currently unusually sore, affecting their ability in all aspects of life.;Les muscles de ce personnage sont actuellement particulièrement endoloris, ce qui affecte sa capacité dans tous les aspects de la vie.;;;;;;;;;;;;x
VIET_written_in_chinese_records;Mentioned in Chinese Records;Mentionné dans les records chinois;;;;;;;;;;;;x
VIET_written_in_chinese_records_desc;This character, despite dwelling in foreign, barbarian lands, has earned themselves a spot in an important history book written by a Chinese historian. The book paints a flattering picture of this character and their realm.;Ce personnage, bien que résidant dans des pays étrangers barbares, s'est taillé une place dans un important livre d'histoire écrit par un historien chinois. Le livre brosse un tableau flatteur de ce personnage et de son royaume.;;;;;;;;;;;;x
VIET_horehound_tea;Horehound Tea;Thé de marrube;;;;;;;;;;;;x
VIET_horehound_tea_desc;This character recently consumed tea made from the leaves of the horehound plant.;Ce personnage a récemment consommé du thé fabriqué à partir des feuilles de la plante du marrube.;;;;;;;;;;;;x
VIET_mountain_tea;Mountain Tea;Thé de montagne;;;;;;;;;;;;x
VIET_mountain_tea_desc;This character recently consumed the so-called Mountain Tea, which has been popular throughout the Balkans and Asia Minor for centuries. It is made from the leaves, stem, and flowers of the ironwort plant.;Ce personnage a récemment consommé le soi-disant thé de montagne, populaire dans les Balkans et en Asie mineure depuis des siècles. Il est fabriqué à partir des feuilles, de la tige et des fleurs de l'agarelle.;;;;;;;;;;;;x
VIET_chinese_black_tea_gift;Has Good Stock of Chinese Black Tea;A un bon stock de thé noir chinois;;;;;;;;;;;;x
VIET_chinese_black_tea_gift_desc;This character currently has a lot of black tea with him. This high quality black tea from China will surely be the highlight of any social gathering!;Ce personnage a actuellement beaucoup de thé noir avec lui. Ce thé noir de haute qualité en provenance de Chine sera sûrement le clou de tout rassemblement social !;;;;;;;;;;;;x
VIET_admiring_beauty;Admiring the Ideal of Beauty;Admirant l'idéal de la beauté;;;;;;;;;;;;x
VIET_admiring_beauty_desc;Beauty may fade, and flowers may wilt, but that doesn't mean we can't admire the flowers while they are still in bloom.;La beauté peut s'estomper et les fleurs peuvent se faner, mais cela ne signifie pas que nous ne pouvons pas admirer les fleurs tant qu'elles sont en fleurs.;;;;;;;;;;;;x
VIET_poetry_contemplation;Contemplating Poetry;Poésie contemplative;;;;;;;;;;;;x
VIET_poetry_contemplation_desc;This character has been trying to learn about the poetry written by other poets.;Ce personnage a essayé d'apprendre sur la poésie écrite par d'autres poètes.;;;;;;;;;;;;x
VIET_sobering_lesson;Sobering Lesson;Leçon qui donne à réfléchir;;;;;;;;;;;;x
VIET_sobering_lesson_desc;This character recently learned a sobering lesson about the harsh realities of life.;Ce personnage a récemment appris une leçon qui fait réfléchir sur les dures réalités de la vie.;;;;;;;;;;;;x
VIET_interesting_talk_with_stranger;Interesting Talk with Stranger;Entretien intéressant avec un étranger;;;;;;;;;;;;x
VIET_interesting_talk_with_stranger_desc;This character recently had a good chat with someone he never met before. Though he will probably never meet this stranger again, that doesn't mean the conversation didn't impact them in some way.;Ce personnage a récemment eu une bonne conversation avec quelqu'un qu'il n'avait jamais rencontré auparavant. Bien qu'il ne rencontrera probablement jamais plus cet étranger, cela ne signifie pas que la conversation ne les a pas affectés d'une manière ou d'une autre.;;;;;;;;;;;;x
VIET_nightgazer;Avid Nightgazer;Avid Nightgazer;;;;;;;;;;;;x
VIET_nightgazer_desc;This character gazes into the night often, meditating on the beautiful stars and moon that shine high above in the heavens.;Ce personnage regarde souvent dans la nuit, méditant sur les belles étoiles et la lune qui brillent au-dessus des cieux.;;;;;;;;;;;;x
VIET_duck_wobbler;Duck Wobbler;Canard Wobbler;;;;;;;;;;;;x
VIET_duck_wobbler_desc;This person walks in a manner that is reminiscent of a wobbling duck. Many people find this amusing.;Ce personnage marche d'une manière qui fait penser à un canard vacillant. Beaucoup de gens trouvent cela amusant.;;;;;;;;;;;;x
VIET_fox_spirit_dreams;Daydreaming of Fox Spirits;Rêverie des esprits de renard;;;;;;;;;;;;x
VIET_fox_spirit_dreams_desc;Traditionally, in East Asia, fox spirits were said to often take the appearance of an attractive young girl. This character has been daydreaming about encountering one such enchanting lady as of late.;Traditionnellement, en Asie de l'Est, on disait souvent que l'esprit de renard prenait l'aspect d'une jolie jeune fille. Ce personnage a rêvé de rencontrer une femme aussi enchanteresse que récemment.;;;;;;;;;;;;x
VIET_buzzing_noises;Buzzing Noises;Bourdonnement;;;;;;;;;;;;x
VIET_buzzing_noises_desc;This character keeps hearing buzzing noises but doesn't know where they're coming from.;Ce personnage continue à entendre les bourdonnements mais ne sait pas d'où ils viennent.;;;;;;;;;;;;x
VIET_province_pistachios;Famous Pistachios;Pistaches célèbres;;;;;;;;;;;;x
VIET_province_pistachios_desc;The pistachios from this province have gained a lot of popularity worldwide.;Les pistaches de cette province ont acquis une grande popularité dans le monde entier.;;;;;;;;;;;;x
VIET_lake_rumare_dream_lake;Dreamt of a Great Lake;A rêvé d'un grand lac;;;;;;;;;;;;x
VIET_lake_rumare_dream_lake_desc;There, before one's eyes, was the most beautiful lake ever seen. It was large enough to be a sea to its own, and surrounding it was a pastoral landscape, farmland and small villages dotting the shores.;Là, sous ses yeux, se trouvait le plus beau lac jamais vu. Il était assez grand pour être une mer à lui seul et était entouré d'un paysage pastoral, de terres agricoles et de petits villages qui parsèment les rives.;;;;;;;;;;;;x
VIET_lake_rumare_dream_shrine;Dreamt of a Marble Shrine;A rêvé d'un sanctuaire en marbre;;;;;;;;;;;;x
VIET_lake_rumare_dream_shrine_desc;It was not particularly large - more like a glorified altar - and its roof was no more, and its marbled columns worn and broken. Yet the aura of an ancient, spiritual power still emanated from it.;Ce n'était pas particulièrement grand - plutôt un autel glorifié - et son toit n'était plus, et ses colonnes marbrées étaient usées et brisées. Pourtant, l'aura d'un ancien pouvoir spirituel en émanait toujours.;;;;;;;;;;;;x
VIET_lake_rumare_dream_forest;Dreamt of a Gentle Forest;A rêvé d'une forêt douce;;;;;;;;;;;;x
VIET_lake_rumare_dream_forest_desc;Some forests are dark and dangerous, but this one was the opposite, for there was light to be seen, and birds and other friendly creatures to guide the way. But who knows what secrets it holds, yet to be discovered.;Certaines forêts sont sombres et dangereuses, mais celle-ci était le contraire, car il y avait de la lumière, des oiseaux et d'autres créatures amicales pour guider le chemin. Mais qui sait quels secrets elle détient, cela reste à découvrir.;;;;;;;;;;;;x
VIET_lake_rumare_dream_cottage;Dreamt of a Cozy Cottage;A rêvé d'un chalet confortable;;;;;;;;;;;;x
VIET_lake_rumare_dream_cottage_desc;Inside - fresh and warm food like chewy bread, crisp vegetables, crumbly cheeses. A small fire burned by a fireplace, and a few rugs and chairs kept were as simple decoration alongside a soft, inviting bed.;À l'intérieur - des aliments frais et chauds comme du pain à mâcher, des légumes croquants, des fromages friables. Un petit feu brûlé par une cheminée et quelques tapis et chaises conservés constituaient une simple décoration à côté d'un lit moelleux et invitant.;;;;;;;;;;;;x
VIET_oblivion_dream_bruma;Dreamt of an Ancient Temple;A rêvé d'un ancien temple;;;;;;;;;;;;x
VIET_oblivion_dream_bruma_desc;"The sacred stones here are many things. Temple, fortress, safe haven. But it is also a home to those wise and strong enough to defend it.";"Les pierres sacrées ici représentent beaucoup de choses. Temple, forteresse, refuge. Mais c'est aussi une demeure pour ceux qui sont assez sages et forts pour la défendre.";;;;;;;;;;;;x
VIET_oblivion_dream_anvil;Dreamt of a Cosmopolitan Port;A rêvé d'un port cosmopolite;;;;;;;;;;;;x
VIET_oblivion_dream_anvil_desc;"Many of the city's folk are directly or indirectly associated with ships and sailing... sailors, ship-owners, men made rich and poor by the sea trade, and the lonely wives of men who follow the sea.";"De nombreux habitants de la ville sont directement ou indirectement associés aux navires et à la voile ... des marins, des armateurs, des hommes riches et pauvres enrichis par le commerce maritime et les épouses solitaires d'hommes qui suivent la mer.";;;;;;;;;;;;x
VIET_oblivion_dream_leyawiin;Dreamt of a Mysterious Swamp;A rêvé d'un marais mystérieux;;;;;;;;;;;;x
VIET_oblivion_dream_leyawiin_desc;"The swamp isn't so bad, once you get used to the flies. And being lost all the time.";"Le marais n'est pas si terrible, une fois que vous vous êtes habitué aux mouches. Et que vous vous êtes perdu tout le temps.";;;;;;;;;;;;x
VIET_oblivion_dream_lake_rumare;Dreamt of Flower Meadows;A rêvé de champs de fleurs;;;;;;;;;;;;x
VIET_oblivion_dream_lake_rumare_desc;"A forest was cleared for agriculture around the lake, but it's mostly wilderness outside of that.";"Une forêt a été défrichée pour l'agriculture autour du lac, mais ce sont surtout des étendues sauvages en dehors de cela.";;;;;;;;;;;;x
VIET_moved_to_tears;Moved to Tears by Art;Ému aux larmes par l'art;;;;;;;;;;;;x
VIET_moved_to_tears_desc;"When we are born we cry that we are come\nTo this great stage of fools.";"Quand nous sommes nés, nous pleurons que nous sommes venus\nVers cette grande étape d'idiots.";;;;;;;;;;;;x
VIET_emotionless_to_art;Didn't Cry to Sad Story;N'a pas pleuré à une triste histoire;;;;;;;;;;;;x
VIET_emotionless_to_art_desc;"To weep is to make less the depth of grief.";"Pleurer c'est faire moins la profondeur du chagrin.";;;;;;;;;;;;x
VIET_auriels_ascension;[Root.Religion.GetHighGodName]'s Ascension;Ascension de [Root.Religion.GetHighGodName];;;;;;;;;;;;x
VIET_auriels_ascension_desc;They say that a physical manifestation of [Root.Religion.GetHighGodName] appeared in a remote village of this province.;Ils disent qu'une manifestation physique de [Root.Religion.GetHighGodName] est apparue dans un village éloigné de cette province.;;;;;;;;;;;;x
VIET_repressing_cult;Repressing Dangerous Cult;Réprimer le culte dangereux;;;;;;;;;;;;x
VIET_repressing_cult_desc;A heretical cult is active here. Though it does not have many followers, the authorities fear the cult could be quite dangerous, and are cracking down on it.;Un culte hérétique est actif ici. Bien qu'il n'y ait pas beaucoup d'adeptes, les autorités craignent que le culte ne soit vraiment dangereux et le répriment.;;;;;;;;;;;;x
VIET_Oblivion_dream_complete;Dream of Adventure;Rêve d'aventure;;;;;;;;;;;;x
VIET_Oblivion_dream_complete_desc;This character once had a most epic dream. In it, he helped a long-lost Prince and his allies defend their home and Empire from a demonic army invading from the gates of hell itself! So vivid was this dream that to this day this character still recalls it.;Ce personnage a déjà eu un rêve des plus épiques. Il y a aidé un prince perdu depuis longtemps et ses alliés à défendre leur pays et leur Empire contre une armée démoniaque envahissant les portes de l'enfer ! Ce rêve était si vivant qu'à ce jour, ce personnage se le rappelle encore.;;;;;;;;;;;;x
VIET_world_war_1_dream;Dreamt of a War to End All Wars;A rêvé d'une guerre pour mettre fin à toutes les guerres;;;;;;;;;;;;x
VIET_world_war_1_dream_desc;After having such an intense and horrifying dream of the future, where men used cruel and twisted sorcery to tear each other to shreds and die by the thousands, this character has been transformed.;Après avoir eu un rêve aussi intense et horrifiant du futur, où des hommes utilisaient une sorcellerie cruelle et tordue pour se déchirer en lambeaux et mourir par milliers, ce personnage a été transformé.;;;;;;;;;;;;x
VIET_one_time_lovemaking;One-time Lovemaking;Amour unique;;;;;;;;;;;;x
VIET_one_time_lovemaking_desc;This character recently had a quick tryst with someone, most likely a stranger. They certainly enjoyed it, but who knows if their partner, willing or not, felt the same.;Ce personnage a récemment eu une conversation rapide avec quelqu'un, probablement un étranger. Ils ont certainement apprécié, mais qui sait si leur partenaire, volontaire ou non, a ressenti la même chose.;;;;;;;;;;;;x
VIET_opinion_won_drinking_contest;Won Drinking Contest;A gagné un concours de beuverie;;;;;;;;;;;;x
VIET_opinion_lost_drinking_contest;Lost Drinking Contest;A perdu un concours de beuverie;;;;;;;;;;;;x
VIET_opinion_fruit_loop_poops_advice;Advice for Colorful Stool;Conseils pour les selles colorées;;;;;;;;;;;;x
VIET_fruit_loops_poops;Colorful Stool;Tabouret Coloré;;;;;;;;;;;;x
VIET_fruit_loops_poops_desc;For some reason, this character's stool is very colorful as of late. It does not seem natural, but no serious medical issues have been linked to this. Yet.;Pour une raison quelconque, le tabouret de ce personnage est très coloré ces derniers temps. Cela ne semble pas naturel, mais aucun problème médical grave n'y est associé. Encore.;;;;;;;;;;;;x
VIET_scorpion_sting;Stung by a Scorpion;Piqué par un scorpion;;;;;;;;;;;;x
VIET_dream_dagoth_ur;Dreamt of a Figure in a Golden Mask;A rêvé d'une figure dans un masque d'or;;;;;;;;;;;;x
VIET_dream_dagoth_ur_desc;"Come to me, through fire and war. I welcome you.";"Venez à moi, par le feu et la guerre. Je vous souhaite la bienvenue.";;;;;;;;;;;;x
VIET_maitreya_cult;Maitreya Cult;Culte de Maitreya;;;;;;;;;;;;x
VIET_maitreya_cult_desc;A Buddhist monk in this province has proclaimed himself to be Maitreya, the Buddha of the next epoch. His small group of fanatical devotees are causing much disturbance and unrest.;Un moine bouddhiste de cette province s'est proclamé Maitreya, le Bouddha de la prochaine époque. Son petit groupe de passionnés fanatiques cause beaucoup de troubles et d'agitation.;;;;;;;;;;;;x
VIET_ominous_dream;Ominous Dream;Rêve inquiétant;;;;;;;;;;;;x
VIET_opinion_reasonable_advice;Reasonable Advice;Conseil raisonnable;;;;;;;;;;;;x
VIET_tiring_travel;Tiring Travels;Voyages fatigants;;;;;;;;;;;;x
VIET_tiring_travel_desc;Maybe it wasn't such a good idea to travel that far and exhaust oneself. Maybe, sometimes, one needs to just relax and not try too hard.;Ce n'était peut-être pas une si bonne idée de voyager aussi loin et de s'épuiser. Parfois, il faut peut-être simplement se détendre et ne pas essayer trop fort.;;;;;;;;;;;;x
VIET_stared_at_sun;Stared at the Sun for Too Long;A regardé trop longtemps le soleil;;;;;;;;;;;;x
VIET_permanent_sun_damage;Permanent Damage to Eyes from the Sun;Dommages permanents aux yeux par le soleil;;;;;;;;;;;;x
VIET_permanent_sun_damage_desc;At some point in their life, this character was moronic enough to stare at the sun for too long, causing permanent damage to their eyes. Though he isn't blind per se, his eyesight is not as good as it used to be.;À un moment donné de leur vie, ce personnage était assez idiot pour regarder trop longtemps le soleil, causant des lésions permanentes aux yeux. Bien qu'il ne soit pas aveugle en soi, sa vue n'est plus aussi bonne qu'auparavant.;;;;;;;;;;;;x
VIET_egyptian_sunscreen;Sunscreen Made Using Egyptian Recipe;Crème solaire faite à l'aide d'une recette égyptienne;;;;;;;;;;;;x
VIET_egyptian_sunscreen_desc;This character currently possesses an oil made mostly from rice, jasmine, lupine, and other herbs, that is based on an old Egyptian recipe. It is meant to be applied on the skin to help prevent sunburns and tanning. After all, who would ever think a tan looked good on a person? This character is no ignorant peasant after all!;Ce personnage possède actuellement une huile principalement composée de riz, de jasmin, de lupin et d'autres herbes, basée sur une vieille recette égyptienne. Elle est destinée à être appliquée sur la peau pour aider à prévenir les coups de soleil et le bronzage. Après tout, qui aurait jamais pensé qu'un bronzage était bien sur une personne ? Ce personnage n'est pas un paysan ignorant après tout !;;;;;;;;;;;;x
VIET_bored_of_duties;Bored of Duties;Lassé des devoirs;;;;;;;;;;;;x
VIET_province_giant_shade_tree;Giant Shade Tree;Arbre d'ombrage géant;;;;;;;;;;;;x
VIET_province_giant_shade_tree_desc;One of the villages in this province is famous for its giant shade tree. Even those from neighboring villages further away come to enjoy themselves under this mighty tree.;L'un des villages de cette province est célèbre pour son arbre d'ombrage géant. Même ceux des villages voisins plus éloignés viennent s'amuser sous cet arbre puissant.;;;;;;;;;;;;x
VIET_learning_local_lore;Learning Local Lore;Apprendre les traditions locales;;;;;;;;;;;;x
VIET_learning_local_lore_desc;This character has been learning a thing or two about the local legends, myths, customs, beliefs, and so on of the people living nearby.;Ce personnage a beaucoup appris sur les légendes locales, les mythes, les coutumes, les croyances, etc. des personnes vivant à proximité.;;;;;;;;;;;;x
VIET_secret_relax_spot;Secret Relaxation Spot;Lieu de détente secret;;;;;;;;;;;;x
VIET_secret_relax_spot_desc;This character recently found a place just for themselves, a private secluded location where they can peacefuly rest by themselves, without worrying about the rest of the world.;Ce personnage a récemment trouvé une place pour lui seul, un lieu privé isolé où il peut se reposer paisiblement, sans se soucier du reste du monde.;;;;;;;;;;;;x
VIET_opinion_showed_secret_relax_spot;Showed Me a Wonderful Place to Relax;M'a montré un endroit merveilleux pour se détendre;;;;;;;;;;;;x
VIET_opinion_showed_secret_relax_spot_lover;Showed Me a Wonderful Place to Relax;M'a montré un endroit merveilleux pour se détendre;;;;;;;;;;;;x
VIET_secret_relax_spot_sexy;Secret Place to Meet with Lover;Lieu secret pour rencontrer un amant;;;;;;;;;;;;x
VIET_secret_relax_spot_sexy_desc;No one knows where this person goes when they want some alone time with their lover(s), but rumor has it that it is a very nice, lovely, intimate place.;Personne ne sait où cette personne se rend quand elle veut passer du temps en tête-à-tête avec son ou ses amants, mais la rumeur dit que c'est un endroit très agréable, charmant et intime.;;;;;;;;;;;;x
VIET_fun_in_the_sun;Fun in the Sun;S'amuser au soleil;;;;;;;;;;;;x
VIET_fun_in_the_sun_desc;Visiting the beach and having a good time - it was definitely worth it to this character!;Visiter la plage et passer un bon moment - ça en valait vraiment la peine !;;;;;;;;;;;;x
VIET_opinion_beach_trip;Went on Beach Trip Together;Sont allés ensemble à la plage;;;;;;;;;;;;x
VIET_province_youth_prank;Hysteria Caused by Recent Prank;Hystérie causée par une récente blague;;;;;;;;;;;;x
VIET_province_youth_prank_desc;For a number months, a band of reckless, boorish youths played a prank in one of the towns of this region, pretending to be the voices and sounds of demonic forces. They have thankfully been caught, but rumors of this incident does not reflect well on the inhabitants of this area.;Pendant plusieurs mois, un groupe de jeunes téméraires et grossiers a joué un tour dans l'une des villes de cette région, prétendant être la voix et le son des forces démoniaques. Ils ont heureusement été attrapés, mais les rumeurs sur cet incident ne sont pas favorables aux habitants de cette région.;;;;;;;;;;;;x
VIET_province_shadow_hysteria;Reports of Shadow People;Rapports d'ombres;;;;;;;;;;;;x
VIET_province_shadow_hysteria_desc;Villagers reported seeing humanoid shadows appearing at night, trying to kill those who are unsuspecting and sleeping. Many wiser and more level-headed persons believe this is just a case of mass hysteria.;Les villageois ont signalé avoir vu des ombres humanoïdes apparaître la nuit, essayant de tuer ceux qui n'étaient pas vigilent et qui dormaient. Beaucoup de personnes plus sages et pondérées pensent qu'il ne s'agit que d'une hystérie de masse.;;;;;;;;;;;;x
VIET_province_night_ghosts_disappear;No More Ghosts;Plus de fantômes;;;;;;;;;;;;x
VIET_province_night_ghosts_disappear_desc;Ghosts supposedly used to haunt an area of this region, though some doubted the truth of this. Either way, it seems the reports of ghostly beings have suddenly stopped, and some fear the ghosts have disappeared due to some nefarious reason.;Les fantômes étaient censés hanter une zone de cette région, bien que certains doutaient de la vérité. Quoi qu'il en soit, il semble que les rapports sur les êtres fantomatiques se soient soudainement arrêtés et certains craignent que les fantômes aient disparu pour une raison néfaste.;;;;;;;;;;;;x
VIET_province_succubus_night_paralysis;Succubus Attack;Attaque de la succube;;;;;;;;;;;;x
VIET_province_succubus_night_paralysis_desc;They say a bewitchingly beautiful creature - a demon, most likely - attacks the people in this region in their sleep, forcing them to copulate with her in the most sinful ways possible. There are scholars who believe this can be explained through natural philosophy as bizarre dreams, but many disagree.;Ils disent qu'une créature d'une beauté fascinante - un démon, très probablement - attaque les gens de cette région pendant leur sommeil, les forçant à copuler avec elle de la manière la plus pécheresse possible. Il y a des érudits qui croient que cela peut être expliqué par la philosophie naturelle en tant que rêves bizarres, mais beaucoup sont en désaccord.;;;;;;;;;;;;x
VIET_valerian_herb;Valerian Herbal Tea;Tisane à la valériane;;;;;;;;;;;;x
VIET_valerian_herb_desc;Ever since the days of the ancient Greeks and Romans, the herb valerian has been given to those who are suffering from insomnia or difficulty falling asleep.;Depuis l'époque des Grecs et des Romains, l'herbe valériane était donnée à ceux qui souffraient d'insomnie ou de difficultés à s'endormir.;;;;;;;;;;;;x
VIET_no_empathy;Lack of Empathy;Manque d'empathie;;;;;;;;;;;;x
VIET_mummys_curse;Mummy's Curse;La malédiction d'une momie;;;;;;;;;;;;x
VIET_mummys_curse_desc;This character claims they were cursed when they encountered a mummy and insulted it. Most people believe this is just merely an excuse for some of this character's bad luck.;Ce personnage prétend qu'il a été maudits quand il a rencontré une momie et qu'il l'a insulté. La plupart des gens pensent que c'est simplement une excuse pour la malchance de ce personnage.;;;;;;;;;;;;x
VIET_mummys_blessing;Mummy's Blessing;La bénédiction d'une momie;;;;;;;;;;;;x
VIET_mummys_blessing_desc;This character claims they were blessed when they encountered a mummy and treated it respectfully. Most people believe this is just merely an explanation for some of this character's good luck.;Ce personnage prétend qu'ils a été béni lorsqu'il a rencontré une momie et l'a traitée avec respect. La plupart des gens pensent que c'est simplement une explication de la chance de ce personnage.;;;;;;;;;;;;x
VIET_clumsy_maid_special;Clumsy Maid;Femme de chambre maladroite;;;;;;;;;;;;x
VIET_clumsy_maid_special_desc;This lady was originally a good, clever, and talented maid, albeit one cursed with some clumsiness. However, at least when she was a maid, most felt that she had a most agreeable and likeable personality.;Cette dame était à l'origine une bonne, intelligente et talentueuse femme de chambre, même si elle était maudite avec une maladresse. Cependant, au moins quand elle était femme de chambre, la plupart estimaient qu'elle était une personnalité des plus agréables et des plus sympathiques.;;;;;;;;;;;;x
VIET_opinion_spared_me_punishment;Spared Me Punishment;M'a épargné la punition;;;;;;;;;;;;x
VIET_opinion_lustful_punishment;Blackmailed to be Lover;Chantage pour être amoureux;;;;;;;;;;;;x
VIET_opinion_very_disappointed;Very Disappointed;Très déçu;;;;;;;;;;;;x
VIET_opinion_failed_liege;Failed liege;Échec seigneur;;;;;;;;;;;;x
VIET_recent_important_business_deal;Recent Business Deal;Affaire récente;;;;;;;;;;;;x
VIET_recent_important_business_deal_desc;This character recently managed to conclude negotiations with some local merchants that resulted in a beneficial outcome for both parties.;Ce personnage a récemment réussi à conclure des négociations avec certains marchands locaux, ce qui a eu un résultat bénéfique pour les deux parties.;;;;;;;;;;;;x
VIET_learning_about_history;Learning About History;Apprendre de l'Histoire;;;;;;;;;;;;x
VIET_learning_about_history_desc;"History doesn't repeat itself, but it does rhyme.";"L'Histoire ne se répète pas, mais elle rime.";;;;;;;;;;;;x
VIET_unfinished_work;Unfinished Work;Travail inachevé;;;;;;;;;;;;x
VIET_unfinished_work_desc;This character's paperwork isn't going to finish itself.;Les papiers de ce personnage ne vont pas se finir tout seul.;;;;;;;;;;;;x
VIET_province_converted_mountain_ruins_temple;Mountain Ruins Converted to Inn with Shrine;Ruines de montagne converties en auberge avec sanctuaire;;;;;;;;;;;;x
VIET_province_converted_mountain_ruins_temple_desc;Well-known ruins in the mountainous region of this province have recently been converted into an inn that also features a sizeable house of worship.;Les ruines bien connues de la région montagneuse de cette province ont récemment été converties en une auberge qui abrite également un important lieu de culte.;;;;;;;;;;;;x
VIET_province_converted_mountain_ruins_inn;Mountain Ruins Converted to Large Inn;Ruines de montagne converties en grande auberge;;;;;;;;;;;;x
VIET_province_converted_mountain_ruins_inn_desc;Well-known ruins in the mountainous region of this province have recently been converted into a spacious inn with good facilities.;Les ruines bien connues de la région montagneuse de cette province ont récemment été converties en une auberge spacieuse dotée de bonnes installations.;;;;;;;;;;;;x
VIET_province_converted_mountain_ruins_outpost;Mountain Ruins Converted to Inn with Military Outpost;Ruines de montagne converties en auberge avec avant-poste militaire;;;;;;;;;;;;x
VIET_province_converted_mountain_ruins_outpost_desc;Well-known ruins in the mountainous region of this province have recently been converted into an inn that is protected by a military outpost.;Les ruines bien connues de la région montagneuse de cette province ont récemment été converties en une auberge protégée par un avant-poste militaire.;;;;;;;;;;;;x
VIET_jenassa_mercenary;Mysterious Woman Warrior;Guerrière mystérieuse;;;;;;;;;;;;x
VIET_jenassa_mercenary_desc;This woman began her career as a mercenary, traveling across the world to fight for the right price. An ominous, dangerous character, she is not to be trifled with.;Cette femme a commencé une carrière de mercenaire, parcourant le monde pour se battre au juste prix. Un personnage sinistre et dangereux, elle ne doit pas être négligée.;;;;;;;;;;;;x
VIET_mining_deal;Deal with Mine;Accord avec une mine;;;;;;;;;;;;x
VIET_mining_deal_desc;This character has negotiated a lucrative deal with a local mine owner.;Ce personnage a négocié un accord lucratif avec un propriétaire de mine local.;;;;;;;;;;;;x
VIET_mining_deal_big;Deal with Two Mines;Accord avec deux mines;;;;;;;;;;;;x
VIET_mining_deal_big_desc;This character has negotiated a lucrative deal with two local mine owners.;Ce personnage a négocié un accord lucratif avec deux propriétaires de mines locaux.;;;;;;;;;;;;x
VIET_lydia_modifier;Sarcastic Maid;Servante sarcastique;;;;;;;;;;;;x
VIET_lydia_modifier_desc;This lady was earlier in her life a mere maidservant, but her diligence, loyalty, and most of all, her infamous sarcasm, allowed her to be noticed by her superiors.;Cette dame était plus tôt dans sa vie une simple servante, mais sa diligence, sa loyauté et surtout son infâme sarcasme lui ont permis de se faire remarquer de ses supérieurs.;;;;;;;;;;;;x
VIET_opinion_sarcastic_lydia;Sarcastic Yet Loyal;Sarcastique pourtant loyal;;;;;;;;;;;;x
VIET_jon_battle_born_soldier;Was a Poetic Guardsman;Était un garde poétique;;;;;;;;;;;;x
VIET_jon_battle_born_soldier_desc;This character was originally a guardsman renowned for his friendly, righteous outlook on life and his skill as a poet before he was promoted.;Ce personnage était à l'origine un garde réputé pour son regard droit et amical sur la vie et son habileté en tant que poète avant sa promotion.;;;;;;;;;;;;x
VIET_trader_joes_21_seasoning_salute;Twenty One Seasoning Mix;Vingt et un assaisonnements;;;;;;;;;;;;x
VIET_trader_joes_21_seasoning_salute_desc;This character possesses a stock of a particular blend of twenty-one different spices and herbs, ground and mixed to perfection. It is quite delicious and versatile, and can be used in a lot of different dishes.;Ce personnage possède un stock d'un mélange particulier de vingt et une épices et herbes différentes, moulues et mélangées à la perfection. C'est assez délicieux et polyvalent, et peut être utilisé dans beaucoup de plats différents.;;;;;;;;;;;;x
VIET_opinion_calmly_corrected_error;Calmly Corrected Me;M'a calmement corrigé;;;;;;;;;;;;x
VIET_opinion_garlic_breath;Garlic Breath;Haleine d'ail;;;;;;;;;;;;x
VIET_dhana_jiru;Cooks Using Dhana Jiru;Cuisiniers utilisant du Dhana Jiru;;;;;;;;;;;;x
VIET_dhana_jiru_desc;Dhana Jiru is a traditional spice mix from Western India. Its two main ingredients are cumin and coriander.;Le Dhana Jiru est un mélange d'épices traditionnel de l'Inde occidentale. Ses deux principaux ingrédients sont le cumin et la coriandre.;;;;;;;;;;;;x
VIET_refreshing_drink;Refreshing Drink;Boisson rafraîchissante;;;;;;;;;;;;x
VIET_romantic_saffron_bath;Romantic Saffron Bath;Bain romantique au safran;;;;;;;;;;;;x
VIET_saffron_bath;Saffron Bath;Bain au safran;;;;;;;;;;;;x
VIET_saffron_bath_desc;They say that saffron baths are one of the best aphrodisiacs out there - if, that is, you or your lover can afford it. It is said that Pharaoh Cleopatra herself used them frequently.;Ils disent que les bains au safran sont l'un des meilleurs aphrodisiaques du monde - si, c'est-à-dire si vous ou votre partenaire pouvez vous le permettre. On dit que Cléopâtre elle-même les utilisait fréquemment.;;;;;;;;;;;;x
VIET_helped_acquaintance;Helped Acquaintance with a Problem;A aidé à la connaissance d'un problème;;;;;;;;;;;;x
VIET_caraway_breath_freshener;Caraway Breath Freshener;Rafraîchisseur d'haleine au cumin;;;;;;;;;;;;x
VIET_opinion_lack_of_trust;Lack of Trust;Manque de confiance;;;;;;;;;;;;x
VIET_opinion_suspicious;Suspicious;Méfiant;;;;;;;;;;;;x
VIET_mild_headaches;Mild Headaches;Maux de tête légers;;;;;;;;;;;;x
VIET_mild_stomachaches;Mild Stomachaches;Maux d'estomac légers;;;;;;;;;;;;x
VIET_ginger_tea;Ginger Tea;Thé au gingembre;;;;;;;;;;;;x
VIET_ginger_tea_desc;This character is drinking ginger tea daily to help with their frequent stomachaches.;Ce personnage boit du thé au gingembre quotidiennement pour l'aider à lutter contre de fréquents maux de ventre.;;;;;;;;;;;;x
VIET_effective_pest_control;Effective Pest Control;Lutte antiparasitaire efficace;;;;;;;;;;;;x
VIET_province_famous_herbalists;Famous Herbs and Herbalists;Herbes et Herboristes célèbres;;;;;;;;;;;;x
VIET_province_famous_herbalists_desc;The herbalists from this province are renowned for the traditional remedies and treatments they have developed, made using the province's unique plants, minerals, and so on.;Les herboristes de cette province sont réputés pour les remèdes et les traitements traditionnels qu'ils ont mis au point, fabriqués à partir des plantes, des minéraux, etc. uniques dans la province.;;;;;;;;;;;;x
VIET_boulder_blessing;Boulder's Blessing;Bénédiction de Boulder;;;;;;;;;;;;x
VIET_urine_strange_color;Urine is Strange Color;Urine de couleur étrange;;;;;;;;;;;;x
VIET_province_araragi_vampire;Legends of the Demon-Slayer and Immortal Servant Girl;Légendes de la Tueuse de Démons et Servante Immortelle;;;;;;;;;;;;x
VIET_province_araragi_vampire_desc;Recently, there are stories that a demon-slayer who is impervious to any harm or injury is living in this region. According to the fanciful stories told about him, he gained these abilities after encountering otherworldly spirits, particularly an immortal girl who is his servant.;Récemment, il y a des histoires qu'un tueur de démons qui est insensible à tout préjudice ou blessure habite dans cette région. Selon les histoires fantaisistes racontées à son sujet, il a acquis ces capacités après avoir rencontré des esprits d'un autre monde, en particulier une fille immortelle qui est son serviteur.;;;;;;;;;;;;x
VIET_washed_hands;Washed Hands;Mains lavées;;;;;;;;;;;;x
VIET_washed_hands_desc;This character knows the importance of washing their hands.;Ce personnage connaît l'importance de se laver les mains.;;;;;;;;;;;;x
VIET_didnt_wash_hands;Doesn't Wash Hands;Ne se lave pas les mains;;;;;;;;;;;;x
VIET_didnt_wash_hands_desc;This character doesn't like washing their hands.;Ce personnage n'aime pas se laver les mains.;;;;;;;;;;;;x
VIET_rosewater_ointment;Rosewater Ointment;Onguent à l'eau de rose;;;;;;;;;;;;x
VIET_opinion_rosewater_ointment_gift;Bought Me Rosewater Ointment;On m'a acheté l'onguent à l'eau de rose;;;;;;;;;;;;x
VIET_opinion_garden_advice;Gardening Advice;Conseils de jardinage;;;;;;;;;;;;x
VIET_garden_improvements;Garden Improvements;Améliorations du jardin;;;;;;;;;;;;x
VIET_garden_improvements_desc;This character recently made some improvements to their residence's garden.;Ce personnage a récemment apporté quelques améliorations au jardin de sa résidence.;;;;;;;;;;;;x
VIET_rose_garden;Rose Garden;Roseraie;;;;;;;;;;;;x
VIET_rose_garden_desc;There is a beautiful and well-known rose garden on this character's residence.;Il y a un beau jardin de roses bien connu sur la résidence de ce personnage.;;;;;;;;;;;;x
VIET_opinion_asked_me_for_garden_advice;Asked for Gardening Advice;A demandé des conseils de jardinage;;;;;;;;;;;;x
VIET_opinion_praised_me;Praised Me;M'a loué;;;;;;;;;;;;x
VIET_opinion_insulted_me;Insulted Me;M'a insulté;;;;;;;;;;;;x
VIET_opinion_gardening_discussions;Gardening Discussions;Discussions de jardinage;;;;;;;;;;;;x
VIET_rosehip_oil;Rosehip Oil;Huile de rose musquée;;;;;;;;;;;;x
VIET_rosehip_oil_desc;They say that fragrant oils made from rosehip, the fruit of the rose plant, is good for the skin and makes one look younger.;Ils disent que les huiles parfumées à base de rose musquée, fruit de la rose, sont bénéfiques pour la peau et rajeunissent.;;;;;;;;;;;;x
VIET_feeling_jaded_about_life;Feeling Jaded About Life;Se sentir blasé de la vie;;;;;;;;;;;;x
VIET_feeling_jaded_about_life_desc;For some, life is a bother.;Pour certains, la vie est un problème.;;;;;;;;;;;;x
VIET_heartless_villain;Heartless Villain;Méchant sans coeur;;;;;;;;;;;;x
VIET_heartless_villain_desc;Seeing others suffer is a source of great pleasure and joy for this vile wretch.;Voir les autres souffrir est une source de grand plaisir et de joie pour ce vil homme.;;;;;;;;;;;;x
VIET_maidservant_forced_marriage;Forced Marriage When Young;Mariage forcé à sa jeunesse;;;;;;;;;;;;x
VIET_maidservant_forced_marriage_desc;When she was but a young maiden, this lady was forced into a marriage she didn't want. The loss of her innocence in such a manner has made her bitter and melancholy in some ways.;Quand elle n'était qu'une jeune fille, cette dame fut forcée de se marier, elle ne le voulait pas. La perte de son innocence de la sorte l'a rendue amère et mélancolique à certains égards.;;;;;;;;;;;;x
VIET_rose_tea;Rose Tea;Thé rose;;;;;;;;;;;;x
VIET_rose_tea_desc;This character recently drank some tea made from the petals and fruit of the rose, mixed together with other herbs.;Ce personnage a récemment bu du thé à base de pétales et de fruits de rose, mélangés à d'autres herbes.;;;;;;;;;;;;x
VIET_uplifting_lesson;Uplifting Lesson;Leçon édifiante;;;;;;;;;;;;x
VIET_uplifting_lesson_desc;This character has recently learned an important, uplifting lesson about the positive side of life.;Ce personnage a récemment appris une leçon importante et édifiante sur le côté positif de la vie.;;;;;;;;;;;;x
VIET_uplifting_lesson_desc;This character has recently learned an important, uplifting lesson about the positive side of life.;Ce personnage a récemment appris une leçon importante et édifiante sur le côté positif de la vie.;;;;;;;;;;;;x
VIET_musk_deer_perfume;Musk Deer Perfume;Parfum de Cerf Porte-Musc;;;;;;;;;;;;x
VIET_musk_deer_perfume_desc;Musk Deer Perfume;Parfum de Cerf Porte-Musc;;;;;;;;;;;;x
VIET_musk_deer_soap;Musk Deer Soap;Savon de Cerf Porte-Musc;;;;;;;;;;;;x
VIET_musk_deer_medicine;Musk Deer Medicines;Médicaments de Cerf Porte-Musc;;;;;;;;;;;;x
VIET_province_musk_deer;Musk Deer;Cerf Porte-Musc;;;;;;;;;;;;x
VIET_province_musk_deer_desc;The numbers of musk deer in this province has grown lately. There are huge profits to be made from the glands of male musk deer, used to make perfumes, soaps, medicines, and more, so this has stimulated the local economy.;Le nombre de cerfs porte-musc dans cette province a augmenté ces derniers temps. Les glandes de cerfs porte-musc mâles, utilisés pour la fabrication de parfums, de savons, de médicaments, etc., permettent de réaliser d'énormes profits, ce qui a stimulé l'économie locale.;;;;;;;;;;;;x
VIET_rose_tea;Rose Tea;Thé rose;;;;;;;;;;;;x
VIET_rose_tea_desc;This character recently consumed some herbal tea, whose main component were rose petals, the fruit of the rose plant, or both.;Ce personnage a récemment consommé du thé à base de plantes, dont les composants principaux étaient des pétales de rose, le fruit de la rose, ou les deux.;;;;;;;;;;;;x
VIET_not_enough_sex_rumors;Perceived Lack of Virility;Manque perçu de virilité;;;;;;;;;;;;x
VIET_not_enough_sex_rumors_desc;Rumor has it this grown man doesn't have enough experience with women.;La rumeur dit que cet homme adulte n'a pas assez d'expérience avec les femmes.;;;;;;;;;;;;x
VIET_dishonored_deflowered_maiden;Dishonorable Maiden;Fille déshonorée;;;;;;;;;;;;x
VIET_dishonored_deflowered_maiden_desc;They say when she was younger, this lady lost her innocence to a disreputable man, smearing her and her family's reputation for the rest of her life.;Ils disent que, lorsqu'elle était plus jeune, cette dame avait perdu son innocence face à un homme peu recommandable, la salissant ainsi que la réputation de sa famille pour le restant de ses jours.;;;;;;;;;;;;x
VIET_captured_notorious_bandit;Captured Notorious Bandit;Bandit notoire capturé;;;;;;;;;;;;x
VIET_captured_notorious_bandit_desc;Under this person's leadership, a most notorious bandit who had evaded capture for years was finally brought to justice.;Sous le commandement de cette personne, un bandit très célèbre qui avait échappé à la capture pendant des années a finalement été traduit en justice.;;;;;;;;;;;;x
VIET_hired_notorious_bandit;Hired Notorious Bandit;Bandit notoire engagé;;;;;;;;;;;;x
VIET_hired_notorious_bandit_desc;This person was responsible for apprehending a most notorious bandit who had evaded capture for years. Yet, instead of serving justice, this person recruited the services of the villain for their own ends.;Cette personne était responsable de l'arrestation d'un bandit très notoire qui avait échappé à la capture pendant des années. Cependant, au lieu de servir la justice, cette personne a recruté les services du méchant à ses propres fins.;;;;;;;;;;;;x
VIET_notorious_bandit;Notorious Bandit;Bandit notoire;;;;;;;;;;;;x
VIET_notorious_bandit_desc;This person was once an infamous brigand, a self-proclaimed "obtainer of goods, taker of lives, and defiler of daughters," before they decided to make use of their talents for somewhat more official ends.;Cette personne était autrefois un infâme brigand, un autoproclamé «acquéreur de biens, preneur de vies et défenseur de filles», avant de décider de se servir de leurs talents à des fins un peu plus officielles.;;;;;;;;;;;;x
VIET_respects_women;Respects Women;Respecte les femmes;;;;;;;;;;;;x
VIET_opinion_shameless_rake;Shameless Rake;Râteau sans vergogne;;;;;;;;;;;;x
VIET_opinion_condenscending_attitude;Condenscending Attitude;Attitude condescendante;;;;;;;;;;;;x
VIET_defiler_of_maidens;Defiler of Maidens;Profanateur de jeunes filles;;;;;;;;;;;;x
VIET_defiler_of_maidens_desc;This rake enjoys seducing and ruining naive virgins, and is quite proud of that fact. Not too many approve of this hobby of his, particulary given some of the nasty rumors surrounding his antics.;Ce râteau aime séduire et ruiner les vierges naïves et en est très fier. Peu de gens approuvent son passe-temps, surtout compte tenu des mauvaises rumeurs qui entourent ses singeries.;;;;;;;;;;;;x
VIET_wolfish_grin;Wolfish Grin;Canines de Loup;;;;;;;;;;;;x
VIET_wolfish_grin_desc;This character has a very unsettling grin that makes them look like a ravenous wolf, ready to pounce on some fresh meat.;Ce personnage a des canines très troublantes qui le fait ressembler à un loup vorace, prêt à se jeter sur de la viande fraîche.;;;;;;;;;;;;x
VIET_shared_dream_good;Shared Dream (Good);Rêve partagé (bon);;;;;;;;;;;;x
VIET_shared_dream_bad;Shared Dream (Bad);Rêve partagé (mauvais);;;;;;;;;;;;x
VIET_kdrama_dream_girls_pov;Dreamt of an Innocent Love Story;A rêvé d'une Histoire d'Amour Innocente;;;;;;;;;;;;x
VIET_kdrama_dream_girls_pov_desc;"He was handsome and brooding, yet what did she see in this annoying man who was almost like an arrogant older brother to her?";"Il était beau et rêveur, mais qu'a-t-elle vu dans cet homme agaçant qui ressemblait presque à un frère aîné arrogant ?";;;;;;;;;;;;x
VIET_kdrama_dream_boys_pov;Dreamt of an Innocent Love Story;A rêvé d'une Histoire d'Amour Innocente;;;;;;;;;;;;x
VIET_kdrama_dream_boys_pov_desc;"She was pretty and plucky, yet what did he see in this silly girl who was almost like a stupid little sister to him?";"Elle était belle et courageuse, mais qu'est-ce qu'il a vu dans cette idiote qui ressemblait presque à une stupide petite soeur ?";;;;;;;;;;;;x
VIET_dreamscape_dream;Dreamt of a Primordial Universe;A rêvé d'un Univers Primordial;;;;;;;;;;;;x
VIET_campfire_dream;Reality or Dream?;Réalité ou Rêve ?;;;;;;;;;;;;x
VIET_primordial_river_dream;Dreamt of a Primordial River;A rêvé d'une Rivière Primordiale;;;;;;;;;;;;x
VIET_primordial_river_dream_desc;"In the beginning of existence, there was nothing but the primordial river, that stretched endlessly. All that was, was the river.";"Au début de l'existence, il n'y avait que la rivière primordiale, qui s'étendait sans fin. Tout ce qui existait, c'était la rivière.";;;;;;;;;;;;x
VIET_kdrama_music_dream;Inspiring Dream about Music;Rêve inspirant à propos de la musique;;;;;;;;;;;;x
VIET_kdrama_music_dream_desc;In dreams, in music, and in love, there are no impossibilities.;En rêve, en musique et en amour, il n'y a pas d'impossibilités.;;;;;;;;;;;;x
VIET_lost_tunnel_dream;Dreamt of an Endless Dungeon;A rêvé d'un Donjon sans Fin;;;;;;;;;;;;x
VIET_lost_tunnel_dream_desc;This unfortunate victim never found a way out in a dream they recently had.;Cette malheureuse victime n'a jamais trouvé le moyen de sortir de son rêve.;;;;;;;;;;;;x
VIET_vague_dream_of_dreamer_female;Dreamed of a Mysterious Woman;A rêvé d'une Femme Mystérieuse;;;;;;;;;;;;x
VIET_vague_dream_of_dreamer_female_desc;"In the primordial fields, she wandered in a dream at the end of time.";"Dans les champs primordiaux, elle a erré dans un rêve à la fin des temps.";;;;;;;;;;;;x
VIET_vague_dream_of_dreamer_male;Dreamed of a Mysterious Man;A rêvé d'un Homme Mystérieux;;;;;;;;;;;;x
VIET_vague_dream_of_dreamer_male_desc;"In the primordial fields, he wandered in a dream at the end of time.";"Dans les champs primordiaux, il a erré dans un rêve à la fin des temps.";;;;;;;;;;;;x
VIET_appreciates_fine_art;Appreciates True Art;Apprécie le vrai art;;;;;;;;;;;;x
VIET_appreciates_fine_art_desc;"Only a cultured person such as myself can understand the intricacies and nuances of the artist's hidden message!";"Seule une personne cultivée comme moi peut comprendre les subtilités et les nuances du message caché de l'artiste!";;;;;;;;;;;;x
VIET_opinion_values_our_relationship;Values Our Relationship;Valorise notre relation;;;;;;;;;;;;x
VIET_opinion_doesnt_value_relationship;Doesn't Value Relationship;Ne valorise pas la relation;;;;;;;;;;;;x
VIET_three_kingdoms_cao_cao;Inspired by the Three Kingdoms Warlord Cao Cao;Inspiré par le seigneur de guerre des Trois Royaumes, Cao Cao;;;;;;;;;;;;x
VIET_three_kingdoms_cao_cao_desc;"I would rather betray the world, then have the world betray me.";"Je préférerais trahir le monde, que le monde me trahisse.";;;;;;;;;;;;x
VIET_three_kingdoms_liu_bei;Inspired by the Three Kingdoms Warlord Liu Bei;Inspiré par le seigneur de guerre des Trois Royaumes Liu Bei;;;;;;;;;;;;x
VIET_three_kingdoms_liu_bei_desc;Benevolence!;Bienveillance !;;;;;;;;;;;;x
VIET_three_kingdoms_sun_quan;Inspired by the Three Kingdoms Warlord Sun Quan;Inspiré par le seigneur de guerre des Trois Royaumes Sun Quan ;;;;;;;;;;;;x
VIET_three_kingdoms_sun_quan_desc;The longest-lived of the founders of the Three Kingdoms, his contributions and ability have often been underestimated, even in death. This person understands things differently.;Le fondateur des Trois Royaumes, qui a vécu le plus longtemps, ses contributions et ses capacités ont souvent été sous-estimées, même à la mort. Cette personne comprend les choses différemment.;;;;;;;;;;;;x
VIET_three_kingdoms_dong_zhuo;Inspired by the Three Kingdoms Warlord Dong Zhuo;Inspiré par le seigneur de guerre des Trois Royaumes, Dong Zhuo;;;;;;;;;;;;x
VIET_three_kingdoms_dong_zhuo_desc;Although Dong Zhuo is generally considered a villain, this person sees instead the value power, ambition, and harsh authority can bring - so long as it is not mixed with lust and arrogance.;Bien que Dong Zhuo soit généralement considéré comme un méchant, cette personne voit plutôt la valeur que le pouvoir, l'ambition et une autorité dure peuvent apporter - tant que cela n'est pas mélangé avec la luxure et l'arrogance.;;;;;;;;;;;;x
VIET_three_kingdoms_guan_yu;Inspired by the Three Kingdoms General Guan Yu;Inspiré par le général des Trois Royaumes, Guan Yu;;;;;;;;;;;;x
VIET_three_kingdoms_guan_yu_desc;Guan Yu was so famed and respected in real life as a warrior that he was later deified in China. Whether this person believes Guan Yu is truly the God of War or not, they see in his honor and bravery an example for all.;Guan Yu était si célèbre et respecté dans la vie réelle en tant que guerrier qu'il a ensuite été déifié en Chine. Que cette personne pense que Guan Yu est vraiment le Dieu de la Guerre ou non, elle voit dans son honneur et son courage un exemple pour tous.;;;;;;;;;;;;x
VIET_three_kingdoms_zhang_fei;Inspired by the Three Kingdoms General Zhang Fei;Inspiré par le général des Trois Royaumes, Zhang Fei;;;;;;;;;;;;x
VIET_three_kingdoms_zhang_fei_desc;Though often an angry drunk who was not as calm and sensible as his elder sworn brothers Liu Bei and Guan Yu, Zhang Fei was nevertheless a fearsome and capable warrior, and for this reason this person holds him in high regard.;Bien souvent ivre et en colère, il n'était pas aussi calme et sensé que ses frères aînés assermentés, Liu Bei et Guan Yu. Zhang Fei était néanmoins un guerrier redoutable et capable, et pour cette raison, cette personne le tient en haute estime.;;;;;;;;;;;;x
VIET_three_kingdoms_xiahou_dun;Inspired by the Three Kingdoms General Xiahou Dun;Inspiré par le général des Trois Royaumes, Xiahou Dun;;;;;;;;;;;;x
VIET_three_kingdoms_xiahou_dun_desc;It is said that when an arrow struck his eye in battle, Cao Cao's general, Xiahou Dun, plucked out his eye and ate it, saying that he could not simply discard that which his parents gave him.;Il est dit que lorsqu'une flèche a frappé son œil au combat, le général de Cao Cao, Xiahou Dun, l'a arraché et l'a mangé, affirmant qu'il ne pouvait pas simplement se débarrasser de ce que ses parents lui avaient donné.;;;;;;;;;;;;x
VIET_three_kingdoms_lu_bu;Inspired by the Three Kingdoms General Lu Bu;Inspiré par le général des Trois Royaumes, Lu Bu;;;;;;;;;;;;x
VIET_three_kingdoms_lu_bu_desc;"Among men, Lu Bu. Among steeds, Red Hare.";"Parmi les hommes, Lu Bu. Parmi les chevaux, Lièvre Rouge.";;;;;;;;;;;;x
VIET_three_kingdoms_zhuge_liang;Inspired by the Three Kingdoms Strategist Zhuge Liang;Inspiré par le stratège des Trois Royaumes, Zhuge Liang;;;;;;;;;;;;x
VIET_three_kingdoms_zhuge_liang_desc;"Without modest simplicity, one cannot brighten volition. Without tranquility and serenity, one cannot reach far.";"Sans une simplicité modeste, on ne peut pas éclairer la volonté. Sans tranquillité et sérénité, on ne peut pas aller loin.";;;;;;;;;;;;x
VIET_three_kingdoms_sima_yi;Inspired by the Three Kingdoms Strategist Sima Yi;Inspiré par le stratège des Trois Royaumes, Sima Yi;;;;;;;;;;;;x
VIET_three_kingdoms_sima_yi_desc;This character greatly admires the Chinese general, strategist, and statesman Sima Yi. Though he has been overshadowed by his rival Zhuge Liang, few can deny he too had his own immense talents and capabilities - after all, few could even match the famed Zhuge Liang as something of an equal.;Ce personnage admire grandement le général, stratège et homme d'État Chinois Sima Yi. Bien qu'il ait été éclipsé par son rival Zhuge Liang, peu de gens peuvent le nier. Il possédait lui-même d'immenses talents et capacités. Après tout, peu de gens pouvaient égaler le célèbre Zhuge Liang.;;;;;;;;;;;;x
VIET_three_kingdoms_zhou_yu;Inspired by the Three Kingdoms Strategist Zhou Yu;Inspiré par le stratège des Trois Royaumes, Zhou Yu;;;;;;;;;;;;x
VIET_three_kingdoms_zhou_yu_desc;Handsome, charming, intelligent, cultured, and capable - what else could anyone want in an advisor? It is little wonder that this person greatly admires the character of Zhou Yu. If only he had not died so young!;Beau, charmant, intelligent, cultivé et capable - que demander de plus à un conseiller ? Il n'est pas étonnant que cette personne admire grandement le personnage de Zhou Yu. Si seulement il n'était pas mort si jeune !;;;;;;;;;;;;x
VIET_three_kingdoms_chen_gong;Inspired by the Three Kingdoms Strategist Chen Gong;Inspiré par le stratège des Trois Royaumes, Chen Gong;;;;;;;;;;;;x
VIET_three_kingdoms_chen_gong_desc;If only Lu Bu had listened to the virtuous and shrewd Chen Gong, how different Chinese history would have been! At the very least, that's what this person thinks.;Si seulement Lu Bu avait écouté le vertueux et astucieux Chen Gong, à quel point l'histoire chinoise aurait été différente ! À tout le moins, c'est ce que cette personne pense.;;;;;;;;;;;;x
VIET_three_kingdoms_diaochan;Inspired by the Three Kingdoms Noblewoman Diaochan;Inspiré par la noble femme des Trois Royaumes, Diaochan;;;;;;;;;;;;x
VIET_three_kingdoms_diaochan_desc;As a later poet would compose in honor of Diaochan, who sacrificed herself for a nation:\n\n"Wang Yun staked the empire's fate on a gentle maiden's charm\nSprear and shield were set aside, no soldier came to harm\nIn the fray at Tiger Pass three heroes fought in vain\nInstead the victory song was sung at Phoenix Pavilion.";Comme un poète le composerait plus tard en l'honneur de Diaochan, qui s'est sacrifié pour une nation:\n\n"Wang Yun a misé le destin de l'empire sur le charme d'une jeune fille douc \nL'apparence et le bouclier ont été mis de côté, aucun soldat n'est venu blesser\nDans la mêlée du Passage du Tigre, trois héros se sont battus au vain\nAlors que le chant de la victoire a été chanté au Pavillon de Phénix. ";;;;;;;;;;;;x
VIET_three_kingdoms_sun_shangxiang;Inspired by the Three Kingdoms Noblewoman Sun Shangxiang;Inspiré par la noble femme des Trois Royaumes, Sun Shangxiang;;;;;;;;;;;;x
VIET_three_kingdoms_sun_shangxiang_desc;Whoever said a woman can't fight well? Certainly not this person, who admires Sun Shangxiang.;Qui a dit qu'une femme ne peut pas bien se battre ? Certainement pas cette personne qui admire Sun Shangxiang.;;;;;;;;;;;;x
VIET_three_kingdoms_qiao_sisters;Inspired by the Three Kingdoms Noblewomen, the Qiao Sisters;Inspiré par les nobles femmes des Trois Royaumes, les Sœurs Qiao;;;;;;;;;;;;x
VIET_three_kingdoms_qiao_sisters_desc;The Qiao sisters are remembered as the devoted wives of the Chinese warlord Sun Ce and his general and friend Zhou Yu. The lascivious warlord Cao Cao coveted them, and his son supposedly wrote the following poem to express his father's desire:\n\n"Aloft on either side, twin towers —\nLeft, Jade Dragon, and Right, Golden Phoenix —\nHolding two Qiaos,\nOne would rejoice day and night.;On se souvient des sœurs Qiao comme des épouses dévouées du seigneur de guerre chinois Sun Ce et de son général et ami Zhou Yu. Le seigneur de guerre lascif, Cao Cao, les convoitait et son fils aurait écrit le poème suivant pour exprimer le désir de son père:\n\n"En haut de chaque côté, des tours jumelles —\nà gauche, le Dragon de Jade, et à droite, le Phénix d'Or —\ntenant deux Qiaos,\nquelqu'un se réjouirait jour et nuit.;;;;;;;;;;;;x
VIET_three_kingdoms_huang_yueying;Inspired by the Three Kingdoms Noblewoman Huang Yueying;Inspiré par la noble femme des Trois Royaumes, Huang Yueying;;;;;;;;;;;;x
VIET_three_kingdoms_huang_yueying_desc;There is a saying in China: "Don't be like Kongming when you choose a wife. He ended up with Huang Chengyan's ugly daughter, Huang Yueying." It was said Lady Huang may have actually been beautiful, but her father spread rumors that his talented daughter was ugly so that he could find a worthy son-in-law. This character, like Kongming, understands that an intelligent, capable woman is someone to be admired, no matter her looks.;Il y a un dicton en Chine : "Ne soyez pas comme Kongming lorsque vous choisissez une femme. Il s'est retrouvé avec la fille laide de Huang Chengyan, Huang Yueying." Il a été dit que Lady Huang avait peut-être été belle, mais son père avait répandu des rumeurs selon lesquelles sa talentueuse fille était laide pour pouvoir trouver un digne fils. Ce personnage, comme Kongming, comprend qu'une femme intelligente et capable est une personne à admirer, peu importe son apparence.;;;;;;;;;;;;x
VIET_liu_bei_shoemaker_shrine_small;Small Shrine to Liu Bei;Petit sanctuaire de Liu Bei;;;;;;;;;;;;x
VIET_liu_bei_shoemaker_shrine_large;Large Shrine to Liu Bei;Grand sanctuaire de Liu Bei;;;;;;;;;;;;x
VIET_italian_merchant_support;Supported Italian Merchants against Local Officials;A soutenu les marchands italiens contre les officiels locaux;;;;;;;;;;;;x
VIET_byzantine_noble_support;Supported Local Officials against Italian Merchants;A soutenu les officiels locaux contre les marchands italiens;;;;;;;;;;;;x
VIET_negotiated_italian_deals;Negotiated Deals with Italian Merchants;A négocié avec des marchands italiens;;;;;;;;;;;;x
VIET_negotiated_italian_deals_desc;The leadership here was initially involed in some disputes with Italian merchants operating locally. However, through some careful negotiations, a deal was established that benefits both sides.;Les dirigeants ont été impliqués dans des conflits avec des marchands italiens opérant localement. Toutefois, grâce à des négociations minutieuses, un accord a été conclu qui bénéficie aux deux parties.;;;;;;;;;;;;x
VIET_italian_merchant_negotiator;Negotiator for Italian Merchants;Négociateur pour les marchands italiens;;;;;;;;;;;;x
VIET_italian_merchant_negotiator_desc;This character first rose to prominence acting as a negotiator for a collective group of Italian merchants seeking to make profitable deals with officials serving local regimes in the Eastern Mediterranean.;Ce personnage s'est d'abord fait connaître en tant que négociateur pour un groupe de marchands italiens cherchant à conclure de bonnes affaires avec des fonctionnaires servant les régimes locaux de la Méditerranée orientale.;;;;;;;;;;;;x
VIET_baklava_merchant_origin;Baklava Merchant;Marchand de baklava;;;;;;;;;;;;x
VIET_baklava_merchant_origin_desc;This man was once a baklava merchant. He still to this day treats his guests to the most syrupy and sweetest baklava ever.;Cet homme était autrefois un marchand de baklava. Aujourd'hui encore, il offre à ses invités le baklava le plus sirupeux et le plus sucré de tous les temps.;;;;;;;;;;;;x
VIET_open_minded_ruler;Open Minded Ruler;Souverain ouvert d'esprit;;;;;;;;;;;;x
VIET_eerie_story;Eerie Story;Histoire mystérieuse;;;;;;;;;;;;x
VIET_eerie_story_desc;This character was recently told an eerie story. There are many strange things out there!;Ce personnage a récemment été raconté une histoire étrange. Il y a beaucoup de choses étranges là-bas !;;;;;;;;;;;;x
VIET_upright_official;Upright Official;Fonctionnaire droit;;;;;;;;;;;;x
VIET_upright_official_desc;This character was previously a lesser civil official, known for being extremely upright, fair, and capable in administrative dealings.;Ce personnage était auparavant un fonctionnaire civil de moindre importance, connu pour son extrême droiture, son équité et sa capacité à gérer des affaires administratives.;;;;;;;;;;;;x
VIET_promoted_minor_official;Promoted Minor Official of Inferior Origins;Fonctionnaire mineur promu de basse extraction;;;;;;;;;;;;x
VIET_promoted_minor_official_desc;This character recently promoted a lesser official who was being ignored by his superiors, despite possessing great skill and talent, simply due to having a humble, inferior family background.;Ce personnage a récemment promu un fonctionnaire de rang inférieur ignoré par ses supérieurs, malgré ses compétences et son talent exceptionnel, du simple fait de son ascendance familiale humble et inférieure.;;;;;;;;;;;;x
VIET_talented_humble_official;Talented Official of Humble Origins;Fonctionnaire talentueux de basse extraction;;;;;;;;;;;;x
VIET_talented_humble_official_desc;Rumors abound that this man's mother was a common whore. Whatever the truth may be, it is undeniable he had very humble origins, yet despite this he made a name for himself as a talented and capable official.;Les rumeurs abondent sur le fait que la mère de cet homme était une putain ordinaire. Quoi qu'il en soit, il est indéniable qu'il a des origines très modestes. Malgré cela, il s'est fait connaître en tant que fonctionnaire talentueux et compétent.;;;;;;;;;;;;x
VIET_bread_crust_lover;Bread Crust Lover;Amoureux de la croûte de pain;;;;;;;;;;;;x
VIET_bread_crust_lover_desc;This person's love of eating bread crusts is known throughout the land.;L'amour de cette personne pour manger des croûtes de pain est connu dans tout le pays.;;;;;;;;;;;;x
VIET_wolf_protector;Mysterious Wolf Protector;Protecteur du loup mystérieux;;;;;;;;;;;;x
VIET_wolf_protector_desc;What is that lone wolf, always standing around in the far distance, watching as if it were guarding something?;Qu'est-ce que ce loup solitaire, toujours debout au loin, regardant comme s'il gardait quelque chose ?;;;;;;;;;;;;x
VIET_province_blacksmiths_renowned;Renowned Blacksmiths;Forgerons de renom;;;;;;;;;;;;x
VIET_magnificent_castle_dream;Dreamt of a Magnificent Castle;Rêvé d'un magnifique château;;;;;;;;;;;;x
VIET_notorious_jailbreak;Notorious Jailbreak;Évadé notoire;;;;;;;;;;;;x
VIET_notorious_jailbreak_desc;A violent and deranged criminal kept in this character's prison escaped and went on a murder spree before being caught. This reflects badly on this person's leadership and management abilities.;Un criminel violent et dérangé, détenu dans la prison de ce personnage, s’est échappé et a entrepris une tuerie avant d’être arrêté. Cela a une incidence négative sur les capacités de leadership et de gestion de cette personne.;;;;;;;;;;;;x
VIET_province_forest_spirit_guardian;Benevolent Forest Spirit;Esprit bienveillant de la forêt;;;;;;;;;;;;x
VIET_province_forest_spirit_guardian_desc;Rumor has it that there is a benevolent spirit living in the forests of this province, who protects the locals from both worldly and spiritual dangers.;La rumeur dit qu'il y a un esprit bienveillant qui vit dans les forêts de cette province et qui protège la population locale des dangers terrestres et spirituels.;;;;;;;;;;;;x
VIET_province_mad_scientist_rumors;Mad Scholar;Chercheur fou;;;;;;;;;;;;x
VIET_province_mad_scientist_rumors_desc;They say some sort of alchemist or sorcerer lives here, engaging in all sorts of unholy experiments, yet no one has found conclusive proof of this.;On dit qu'un alchimiste ou un sorcier vit ici, s'engageant dans toutes sortes d'expériences impures, mais personne n'en a trouvé la preuve concluante.;;;;;;;;;;;;x
VIET_province_abandoned_village;Villagers Disappeared;Villageois disparus;;;;;;;;;;;;x
VIET_province_abandoned_village_desc;An entire village in this province somehow disappeared overnight. Its buildings and roads remain, but none of its inhabitants could be found.;Un village entier dans cette province a disparu du jour au lendemain. Ses bâtiments et ses routes subsistent, mais aucun de ses habitants n'a pu être retrouvé.;;;;;;;;;;;;x
VIET_province_perfect_marriage;Perfect Marriage;Mariage parfait;;;;;;;;;;;;x
VIET_province_perfect_marriage_desc;A wedding between the son and daughter of two powerful families who were perfectly suited for one another was recently held here. What is amazing, however, was that supposedly at the wedding, various good omens and signs from heaven appeared. Surely the people here are blessed!;Un mariage entre le fils et la fille de deux familles puissantes et parfaitement adaptées l'une à l'autre a récemment eu lieu ici. Ce qui est étonnant, cependant, c'est qu'au moment des noces, plusieurs bons présages et signes du ciel sont apparus. Les gens d'ici sont bénis !;;;;;;;;;;;;x
VIET_muslim_republic_adopted_urchin;Adopted me when I was a street urchin;M'a adopté quand j'étais un gamin des rues;;;;;;;;;;;;x
VIET_aladdin_street_rat;Street Rat;Rat des rues;;;;;;;;;;;;x
VIET_aladdin_street_rat_desc;As a child, tragic circumstances led this man to becoming a street rat. His life changed when he tried to pickpocket a patrician - this patrician, impressed with the boy's bravery and bravado, adopted him. He has adjusted to his new life but still retains the sharpness and guile that allowed him to survive.;Enfant, les circonstances tragiques ont conduit cet homme à devenir un rat de rue. Sa vie a changé quand il a essayé de voler un patricien - ce patricien, impressionné par la bravoure et la bravade du garçon, l'a adopté. Il s'est adapté à sa nouvelle vie mais conserve toujours la netteté et la ruse qui lui ont permis de survivre.;;;;;;;;;;;;x
VIET_opinion_disappointed;Disappointed;Désappointé;;;;;;;;;;;;x
VIET_opinion_likes_to_be_silly_with_me;Silly Together;Idiot ensemble;;;;;;;;;;;;x
VIET_province_ancient_cistern_restored;Ancient Cistern Restored;Ancienne citerne restaurée;;;;;;;;;;;;x
VIET_province_colorful_rain_good;Colorful Rain;Pluie colorée;;;;;;;;;;;;x
VIET_province_colorful_rain_good_desc;It recently rained in this province, but the strange thing about it was that the rain was quite colorful. They say that this is a sign of good fortune to come for the inhabitants of this province.;Il a récemment plu dans cette province, mais ce qui est étrange, c'est que la pluie était assez colorée. Ils disent que c'est un signe de bonne fortune à venir pour les habitants de cette province.;;;;;;;;;;;;x
VIET_province_colorful_rain_bad;Colorful Rain;Pluie colorée;;;;;;;;;;;;x
VIET_province_colorful_rain_bad_desc;It recently rained in this province, but the strange thing about it was that the rain was quite colorful. They say that this is an ill omen of misfortunes to come for the inhabitants of this province.;Il a récemment plu dans cette province, mais ce qui est étrange, c'est que la pluie était assez colorée. Ils disent que c'est un mauvais présage de malheurs à venir pour les habitants de cette province.;;;;;;;;;;;;x
VIET_read_book_hotel_del_luna;Recently Read an Amazing Novel about Love and Life;A lu récemment un roman étonnant sur l'amour et la vie;;;;;;;;;;;;x
VIET_read_book_hotel_del_luna_desc;Every now and then, we come across a great story where we least expect it.;De temps en temps, nous rencontrons une grande histoire où nous nous y attendons le moins.;;;;;;;;;;;;x
VIET_mysterious_vision_past;Mysterious Vision of the Past;Vision mystérieuse du passé;;;;;;;;;;;;x
VIET_mysterious_vision_past_desc;Was that vision truly from some past life?;Cette vision venait-elle vraiment d'une vie passée ?;;;;;;;;;;;;x
VIET_read_book_cute_love_story;Read Simple Love Story;A lu une Histoire d'Amour Simple;;;;;;;;;;;;x
VIET_read_book_cute_love_story_desc;Sometimes, it is the simple, endearing stories that affect us the most.;Parfois, ce sont les histoires simples et attachantes qui nous touchent le plus.;;;;;;;;;;;;x
VIET_second_hand_embarassment;Experienced Second Hand Embarassment;A vécu l'embarras de la seconde main;;;;;;;;;;;;x
VIET_province_popular_oblivion_wayshrine;Old Wayshrine;Ancien Sanctuaire;;;;;;;;;;;;x
VIET_province_popular_oblivion_wayshrine_desc;An old wayshrine in this region has recently become quite famous, attracting pilgrims and travelers from afar. It is a boost to the local economy.;Un ancien sanctuaire dans cette région est récemment devenu très célèbre, attirant des pèlerins et des voyageurs de loin. C'est un coup de pouce à l'économie locale.;;;;;;;;;;;;x
VIET_bought_discount_merchandise;Bought Cheap, Discounted Merchandise;A acheté de la marchandise bon marché et à prix réduit;;;;;;;;;;;;x
VIET_bought_discount_merchandise_desc;"You don't want the very best. You want cheap. I got cheap.";" Vous ne voulez pas le meilleur. Vous voulez du bon marché. J'ai été bon marché.";;;;;;;;;;;;x
VIET_shadowbanish_wine;Drank Bottle of "Shadow Banish" Wine;A bu la bouteille de vin "Shadow Banish";;;;;;;;;;;;x
VIET_shadowbanish_wine_desc;This character drank a bottle of a special wine which supposedly has the ability to improve one's eyesight at night, and see that which could not otherwise be seen in the darkness.;Ce personnage a bu une bouteille d'un vin spécial qui a soi-disant la capacité d'améliorer sa vue la nuit, et de voir ce qui ne pourrait pas être vu autrement dans l'obscurité.;;;;;;;;;;;;x
VIET_minor_curse;Rumors of a Curse;Rumeurs d'une malédiction;;;;;;;;;;;;x
VIET_minor_curse_desc;This character is rumored to have been on the receiving end of a minor curse. Is it true, or is it just everyone's imagination? No one knows for sure.;Ce personnage aurait été victime d'une malédiction mineure. C'est vrai, ou c'est juste l'imagination de tout le monde ? Personne ne le sait avec certitude.;;;;;;;;;;;;x
VIET_mazoga_the_orc;Knight of Dubious Origin;Chevalier d'origine douteuse;;;;;;;;;;;;x
VIET_mazoga_the_orc_desc;This woman of dubious origins is a self-proclaimed knight. Whether her claims are true or not, her skill in battle is not to be scoffed at, nor is her deep sense of justice.;Cette femme aux origines douteuses est un chevalier autoproclamé. Que ses affirmations soient vraies ou non, il ne faut pas se moquer de son habileté au combat, ni de son profond sens de la justice.;;;;;;;;;;;;x
VIET_ontus_vanin_character;Lazy Old Scholar;Vieil érudit paresseux;;;;;;;;;;;;x
VIET_ontus_vanin_character_desc;This retired, old scholar enjoys sleeping in late and reading trashy books. He also has a lot of knowledge about local shrines and geography.;Ce vieil érudit à la retraite aime faire la grasse matinée et lire des livres vulgaires. Il a aussi beaucoup de connaissances sur les sanctuaires locaux et la géographie.;;;;;;;;;;;;x
VIET_runs_in_circles;Runs In Circles;Tourne en rond;;;;;;;;;;;;x
VIET_runs_in_circles_desc;Most of the time this lady acts odd but relatively normal. However, she is a madwoman. The moment she gets provoked, she'll start screaming “Ni ni ni ni ni!” and running around in circles, hence her nickname, “Runs in Circles.”;La plupart du temps, cette dame agit bizarrement mais relativement normalement. Cependant, c'est une folle. Dès qu'elle est provoquée, elle se met à crier "Ni ni ni ni ni !" et à courir en rond, d'où son surnom, "Court en rond".;;;;;;;;;;;;x
VIET_province_elder_scrolls_mudcrab;Giant Mudcrab;Crabe de boue géant;;;;;;;;;;;;x
VIET_province_elder_scrolls_mudcrab_desc;In this province, there have been purported sightings of an otherworldly, giant mudcrab wandering the coast and rivers.;Dans cette province, on a prétendu avoir vu un énorme crabe de boue d'un autre monde qui errait sur la côte et dans les rivières.;;;;;;;;;;;;x
VIET_anvil_dream_gold_coast;Dreamt of a Golden Coastline;A rêvé d'une côte d'or;;;;;;;;;;;;x
VIET_anvil_dream_gold_coast_desc;Far from the bustling of the port city was an untouched, pristine coast. The beaches were warm and sandy, with clear waters, and the nearby terrain was filled with thriving, golden grasses and small shrubs and plants scattered among the rocks.;Loin de l'agitation de la ville portuaire se trouvait une côte vierge et intacte. Les plages étaient chaudes et sablonneuses, avec des eaux claires, et le terrain voisin était rempli d'herbes florissantes et dorées et de petits arbustes et plantes éparpillés parmi les rochers.;;;;;;;;;;;;x
VIET_anvil_dream_ladys_stone;Dreamt of the Lady's Stone;A rêvé de la Pierre de la Dame;;;;;;;;;;;;x
VIET_anvil_dream_ladys_stone_desc;It was an ancient standing stone - the locals said it was supposedly built in a mythic era, when the barriers between the divine and human worlds had not yet existed. Whatever it is, in its presence one can surely feel the weight of timeless existence.;C'était une ancienne pierre debout - les habitants ont dit qu'elle aurait été construite à une époque mythique, lorsque les barrières entre les mondes divin et humain n'existaient pas encore. Quoi qu'il en soit, en sa présence on peut sûrement sentir le poids de l'existence intemporelle.;;;;;;;;;;;;x
VIET_anvil_dream_anvil_docks;Dreamt of the Bustling Docks of a Port City;A rêvé des quais animés d'une ville portuaire;;;;;;;;;;;;x
VIET_anvil_dream_anvil_docks_desc;Many of the town's folk were directly or indirectly associated with ships and sailing... sailors, ship-owners, men made rich and poor by the sea trade, and the lonely wives of men who follow the sea.;Beaucoup de gens de la ville étaient directement ou indirectement associés aux navires et à la navigation... les marins, les armateurs, les hommes rendus riches et pauvres par le commerce maritime, et les femmes solitaires des hommes qui suivent la mer.;;;;;;;;;;;;x
VIET_anvil_dream_anvil_streets;Dreamt of the Beautiful Streets of a Port City;A rêvé des belles rues d'une ville portuaire;;;;;;;;;;;;x
VIET_anvil_dream_anvil_streets_desc;It was initially just supposed to be a mundane walk through the cobbled streets. But when the sun began to set, and its fading rays illuminated the rose-fired sky behind the marbled buildings and olive trees.... This was beauty, true and simple, indeed!;Au départ, cela devait être une simple promenade dans les rues pavées. Mais quand le soleil a commencé à se coucher, et que ses rayons déclinants ont illuminé le ciel de rose derrière les bâtiments marbrés et les oliviers... C'était de la beauté, vraie et simple, en effet !;;;;;;;;;;;;x
VIET_Oblivion_dream_complete_alt;Dream of Adventure;Rêve d'aventure;;;;;;;;;;;;x
VIET_Oblivion_dream_complete_desc_alt;This character once had a most epic dream. In it, they helped a long-lost Prince and his allies defend their home and Empire from a demonic army invading from the gates of hell itself... or at least they were supposed to, but instead got distracted running around doing random quests and errands for the locals. So vivid was this dream that to this day this character still recalls it.;Ce personnage a déjà fait un rêve des plus épiques. Dans ce rêve, ils aidaient un Prince perdu depuis longtemps et ses alliés à défendre leur maison et leur Empire contre une armée démoniaque qui les envahissait par les portes de l'enfer... ou du moins ils étaient censés le faire, mais au lieu de cela, ils se sont laissés distraire en faisant des quêtes et des courses au hasard pour les habitants du coin. Ce rêve était si vif que ce personnage s'en souvient encore aujourd'hui.;;;;;;;;;;;;x
VIET_opinion_didnt_believe_me;Didn't Believe Me;Ne m'a pas cru;;;;;;;;;;;;x
VIET_opinion_believes_me;Believed Me;M'a cru;;;;;;;;;;;;x
VIET_comforting_dream_deceased;Comforting Dream of the Deceased;Rêve réconfortant des défunts;;;;;;;;;;;;x
VIET_comforting_dream_deceased_desc;This character recently had a comforting dream about someone dear to them who recently passed away.;Ce personnage a récemment fait un rêve réconfortant sur une personne qui lui était chère et qui est décédée récemment.;;;;;;;;;;;;x
VIET_deathbed_wisdom;Deathbed Wisdom;Sagesse sur le lit de mort;;;;;;;;;;;;x
VIET_deathbed_wisdom_desc;This character recently received some valuable advice or insights from someone close to them before they passed away.;Ce personnage a récemment reçu de précieux conseils ou informations de la part d'un proche avant son décès.;;;;;;;;;;;;x
VIET_rat_spirit_blessings;Creature's Mysterious Blessings;Les mystérieuses bénédictions de la créature;;;;;;;;;;;;x
VIET_rat_spirit_blessings_desc;Are not the creatures of the earth our brothers and sisters too?;Les créatures de la terre ne sont-elles pas aussi nos frères et sœurs ?;;;;;;;;;;;;x
VIET_dying_acquaintance_advice;Dying Acquaintance's Advice;Conseils d'une connaissance mourante;;;;;;;;;;;;x
VIET_dying_acquaintance_advice_desc;This character received advice on various matters from an acquaintance who claimed it was provided by the spirits of the dead. Strangest of all, the advice has been quite helpful.;Ce personnage a reçu des conseils sur diverses questions de la part d'une connaissance qui prétendait qu'ils étaient fournis par les esprits des morts. Le plus étrange, c'est que ces conseils ont été très utiles.;;;;;;;;;;;;x
VIET_province_ghostly_visitors_blessing;Blessed by Local Spirits;Bénie par les esprits locaux;;;;;;;;;;;;x
VIET_province_ghostly_visitors_blessing_desc;Recent ghost sightings correlate with an increase in prosperity in the region... or at least so some claim. Others are more skeptical.;Les récentes observations de fantômes sont en corrélation avec une augmentation de la prospérité dans la région... ou du moins c'est ce que certains prétendent. D'autres sont plus sceptiques.;;;;;;;;;;;;x
VIET_province_ghostly_visitors_curse;Cursed by Local Spirits;Maudit par les esprits locaux;;;;;;;;;;;;x
VIET_province_ghostly_visitors_curse_desc;Recent ghost sightings correlate with an increase in difficulties the region... or at least so some claim. Others are more skeptical.;Les récentes observations de fantômes sont en corrélation avec une augmentation des difficultés de la région... ou du moins c'est ce que certains prétendent. D'autres sont plus sceptiques.;;;;;;;;;;;;x
VIET_province_respected_elder_death_blessings;Elder's Blessings;Bénédictions des aînés;;;;;;;;;;;;x
VIET_province_respected_elder_death_blessings_desc;An elder from one of the local villages, widely revered and renowned throughout the region, has recently passed away. Some say that recent boons in the area are thanks to his benevolent spirit.;Un ancien d'un des villages locaux, très vénéré et renommé dans toute la région, est décédé récemment. Certains disent que les récents bienfaits de la région sont dus à son esprit bienveillant.;;;;;;;;;;;;x
VIET_curse_of_giltine;Curse of Giltine;La malédiction de Giltine;;;;;;;;;;;;x
VIET_curse_of_giltine_desc;This character had a nightmare about Giltine, a Baltic goddess of death. Could it be the cause of this character's recent slew of bad luck? Or is that just pure coincidence?;Ce personnage a fait un cauchemar sur Giltine, une déesse balte de la mort. Serait-ce la cause de la récente série de malchance de ce personnage ? Ou est-ce juste une pure coïncidence ?;;;;;;;;;;;;x
VIET_deaths_blessing;Death's Blessing;La bénédiction de la mort;;;;;;;;;;;;x
VIET_deaths_blessing_desc;Rumor has it that Death, in the form of a young maiden, visited this character by accident in a dream or a vision and, due to this character's politeness, decided to bless them with fortune and good luck. So they say, of course. Among the living, the truth of the matter might never be truly known.;La rumeur veut que la Mort, sous la forme d'une jeune fille, ait rendu visite à ce personnage par hasard dans un rêve ou une vision et, en raison de la politesse de ce personnage, ait décidé de le bénir avec la fortune et la bonne chance. C'est ce qu'ils disent, bien sûr. Chez les vivants, la vérité pourrait ne jamais être vraiment connue.;;;;;;;;;;;;x
VIET_zombie_outbreak_stories;Rumors of Undead;Rumeurs de morts-vivants;;;;;;;;;;;;x
VIET_zombie_outbreak_stories_desc;There are rumors of the undead rising from their graves in this region. Many educated and learned men, from scholars to clergy, believe these are probably just the ramblings of ignorant peasants. Probably.;Il y a des rumeurs selon lesquelles des morts-vivants sortiraient de leurs tombes dans cette région. De nombreux hommes instruits et cultivés, des érudits au clergé, pensent que ce ne sont probablement que les divagations de paysans ignorants. Probablement.;;;;;;;;;;;;x
VIET_happy_memory_of_parents;Recalled Happy Memory about Parents;Rappel de la mémoire heureuse des parents;;;;;;;;;;;;x
VIET_province_procession_of_the_dead;Sightings of Processions of the Dead;Observations des processions des morts;;;;;;;;;;;;x
VIET_province_serial_killer_found;Serial Killer Found;Un tueur en série a été trouvé;;;;;;;;;;;;x
VIET_province_serial_killer_found_desc;A serial killer who happened to be a nobleman terrorized the region for some time. However, a number of clever guards found a way to ambush him, and the man preferred death over being captured alive. Nevertheless, the locals are very much relieved at the turn of events.;Un tueur en série, qui se trouvait être un noble, a terrorisé la région pendant un certain temps. Cependant, un certain nombre de gardes intelligents ont trouvé un moyen de lui tendre une embuscade, et l'homme a préféré la mort à la capture vivante. Néanmoins, les habitants sont très soulagés de la tournure des événements.;;;;;;;;;;;;x
VIET_province_literal_ghost_town;Mundane Ghostly Sightings;Observations fantomatiques banales;;;;;;;;;;;;x
VIET_province_literal_ghost_town_desc;It seems even ghosts engage in boring, everyday activities like eating, conversation, and games - or at least so the recent ghost sightings in this region would suggest. Who knows if such stories are fabrications or true, eyewitness accounts!;Il semble que même les fantômes se livrent à des activités quotidiennes ennuyeuses comme manger, discuter et jouer - du moins, c'est ce que suggèrent les récentes observations de fantômes dans cette région. Qui sait si ces histoires sont des fabrications ou des témoignages réels !;;;;;;;;;;;;x
VIET_province_death_of_several_officials;Multiple Deaths in Administration;Décès multiples dans l'administration;;;;;;;;;;;;x
VIET_province_death_of_several_officials_desc;Several important local officials happened to die around the same time. This will have a negative impact on the region's ability to govern itself effectively, at least in the short term.;Plusieurs fonctionnaires locaux importants sont morts à peu près au même moment. Cela aura un impact négatif sur la capacité de la région à se gouverner efficacement, au moins à court terme.;;;;;;;;;;;;x
VIET_province_secretly_corrupt_official_dies;Secretly Corrupt Official Dies;Décès d'un fonctionnaire secrètement corrompu;;;;;;;;;;;;x
VIET_province_secretly_corrupt_official_dies_desc;For years, a local official fooled everyone into thinking he was a benevolent figure. Recently, after his death, everyone learned the truth of his depraved levels of corruption. Still, at least now the area will do much better without his machinations.;Pendant des années, un fonctionnaire local a fait croire à tout le monde qu'il était un personnage bienveillant. Récemment, après sa mort, tout le monde a appris la vérité sur ses niveaux dépravés de corruption. Pourtant, au moins maintenant, la région se portera beaucoup mieux sans ses machinations.;;;;;;;;;;;;x
VIET_province_holy_hermit_passes_away;Famous Hermit Passes Away;Mort d'un célèbre Ermite;;;;;;;;;;;;x
VIET_province_holy_hermit_passes_away_desc;For years a famous hermit dwelled in the wilderness of this region, engaging in spiritual practices while giving the locals guidance and spiritual support. He has recently passed away, but his place of death has become a minor site of pilgrimage.;Pendant des années, un ermite célèbre a vécu dans la nature sauvage de cette région, s'adonnant à des pratiques spirituelles tout en donnant aux habitants des conseils et un soutien spirituel. Il est décédé récemment, mais son lieu de mort est devenu un lieu de pèlerinage mineur.;;;;;;;;;;;;x
VIET_province_old_runestone_found;Old Runestone Found;Vieille pierre runique trouvée;;;;;;;;;;;;x
VIET_province_grandmother_passes_away;Beloved Grandmother Passes Away;Mort de la grand-mère bien-aimée;;;;;;;;;;;;x
VIET_province_grandmother_passes_away_desc;An elder in one of the local villages was respected all over the region for his wisdom, humility, and kindness to all. Nicknamed the "grandmother of all," her recent death has led to an outpouring of grief and support among the locals, who claim her spirit now watches over everyone.;Un ancien d'un des villages locaux était respecté dans toute la région pour sa sagesse, son humilité et sa gentillesse envers tous. Surnommée la "grand-mère de tous", sa mort récente a provoqué un déferlement de chagrin et de soutien parmi les habitants du village, qui affirment que son esprit veille désormais sur tout le monde.;;;;;;;;;;;;x
VIET_friendly_ghost_stalker;Friendly Ghost;Fantôme amical;;;;;;;;;;;;x
VIET_friendly_ghost_stalker_desc;They say a friendly and playful spirit is attached to this character, following them around secretly to help them in various tasks. Mere superstition or the truth? It's hard to say.;Ils disent qu'un esprit amical et joueur est attaché à ce personnage, les suivant en secret pour les aider dans diverses tâches. Simple superstition ou vérité ? C'est difficile à dire.;;;;;;;;;;;;x
VIET_servants_death_love_lesson;Life Lesson about Lost Love;Leçon de vie sur l'amour perdu;;;;;;;;;;;;x
VIET_final_journey_dream_relative;Dream of the Final Journey;Rêve du voyage final;;;;;;;;;;;;x
VIET_final_journey_dream_relative_desc;Before this character's relative died recently, their relative fell into a deep sleep and was heard mumbling a conversation with their deceased grandparent. While they were still unconscious, they muttered some indiscernible words, in a manner which would remind one of the sound of a gentle breeze beneath the azure sky. Their last words, which could barely be heard, was: "I love you.";Avant que le parent de ce personnage ne décède récemment, leur proche est tombé dans un sommeil profond et a été entendu marmonner une conversation avec leur grand-parent décédé. Alors qu'ils étaient encore inconscients, ils ont marmonné des mots indiscernables, d'une manière qui rappelle le son d'une douce brise sous le ciel d'azur. Leurs derniers mots, qui pouvaient à peine être entendus, étaient "Je t'aime.";;;;;;;;;;;;x
VIET_nobleman_with_criminal_problems;Nobleman with Criminal Problems;Un noble aux problèmes criminels;;;;;;;;;;;;x
VIET_nobleman_with_criminal_problems_desc;This man was once a target of the local criminal gangs before a merciful lord or lady decided to help them out.;Cet homme était autrefois la cible des gangs criminels locaux avant qu'un seigneur ou une dame miséricordieuse ne décide de les aider.;;;;;;;;;;;;x
VIET_quick_witted_savior;Quick-Witted Servant;Serviteur à l'esprit vif;;;;;;;;;;;;x
VIET_quick_witted_savior_desc;This character was once a humble servant who was elevated to a higher court position after he or she saved the life of another servant using their quick wits.;Ce personnage était autrefois un humble serviteur qui a été élevé à un poste à la cour supérieure après avoir sauvé la vie d'un autre serviteur grâce à sa vivacité d'esprit.;;;;;;;;;;;;x
VIET_kaffir_lime_shampoo;Kaffir Lime Shampoo;Shampoing Kaffir à la chaux;;;;;;;;;;;;x
VIET_majoram_tea;Drinking Majoram Tea;A bu du thé Majoram;;;;;;;;;;;;x
VIET_mastic_gum;Chewing Mastic Gum;Gomme à mâcher;;;;;;;;;;;;x
VIET_musk_mallow;Musk Mallow Perfume;Parfum de mauve musquée;;;;;;;;;;;;x
VIET_cooks_using_nutmeg;Cooks Using Nutmeg;Cuisiniers utilisant la noix de muscade;;;;;;;;;;;;x
VIET_cooks_using_oregano;Cooks Using Oregano;Cuisiniers utilisant de l'origan;;;;;;;;;;;;x
VIET_cooks_using_parsley;Cooks Using Parsley;Cuisiniers utilisant du persil;;;;;;;;;;;;x
VIET_opinion_kaffir_lime_shampoo_gift;Gifted me Kaffir Lime shampoo;M' offert du shampoing Kaffir Lime;;;;;;;;;;;;x
VIET_opinion_musk_mallow_gift;Gifted me Musk Mallow perfume;M'a offert du parfum à la mauve musquée;;;;;;;;;;;;x
VIET_had_disgusting_medicine;Took Disgusting Medicine;A pris des médicaments dégoûtants;;;;;;;;;;;;x
VIET_had_disgusting_medicine_desc;Maybe one day, someone brilliant will invent medicine that does not taste horrible. Until then, the world waits.;Peut-être qu'un jour, quelqu'un de brillant inventera une médecine qui n'aura pas un goût horrible. D'ici là, le monde attend.;;;;;;;;;;;;x
VIET_intellectual_conversation;Intellectual Conversation;Conversation intellectuelle;;;;;;;;;;;;x
VIET_intellectual_conversation_desc;To have an enlightening, thoughtful discussion with someone is a rare treasure that should be cherished in these dark times.;Avoir une discussion éclairante et réfléchie avec quelqu'un est un trésor rare qui devrait être chéri en ces temps sombres.;;;;;;;;;;;;x
VIET_drinking_basic_tonic;Drinking Herbal Tonic;A bu du tonique aux herbes;;;;;;;;;;;;x
VIET_drinking_basic_tonic_desc;This combination of herbs, plants, animal parts, bones, and rocks has been verified by learned and knowledgeable medical practicioners to be one of the most effective health tonics currently available to most people, rich and poor alike.;Cette combinaison d'herbes, de plantes, de parties d'animaux, d'os et de roches a été vérifiée par des praticiens médicaux érudits et bien informés comme étant l'un des toniques de santé les plus efficaces actuellement disponibles pour la plupart des gens, riches et pauvres.;;;;;;;;;;;;x
VIET_stays_up_late_night;Stays Up Late At Night;Rester debout tard dans la nuit;;;;;;;;;;;;x
VIET_stays_up_late_night_desc;Some people prefer the night to the day, when they can be by themselves to do what they enjoy.;Certaines personnes préfèrent la nuit au jour, où elles peuvent être seules pour faire ce qui leur plaît.;;;;;;;;;;;;x
VIET_opinion_played_game;Played game together;Ont joué ensemble;;;;;;;;;;;;x
VIET_opinion_doesnt_approve_games;Doesn't approve of gaming habit;N'approuve pas les habitudes de jeu;;;;;;;;;;;;x
VIET_opinion_gamer_loser;Pathetically obsessed with games;Pathétiquement obsédé par les jeux;;;;;;;;;;;;x
VIET_opinion_taught_me_game_tricks;Gave me tips and tricks about my favorite game;M'a donné des conseils et des astuces sur mon jeu préféré;;;;;;;;;;;;x
VIET_stays_up_late_night;Stays Up Late at Night;Reste debout tard dans la nuit;;;;;;;;;;;;x
VIET_stays_up_late_night_desc;"Surely staying awake for one more hour won't hurt me....";"Rester éveillé une heure de plus ne me fera sûrement pas de mal...";;;;;;;;;;;;x
VIET_personal_guards_get_adventurer_tips;Guards Given Adventurer's Advice;Conseils d'un aventurier reçus par les gardes;;;;;;;;;;;;x
VIET_personal_guards_get_adventurer_tips_desc;An adventurer helped this character's guards track down a band of troublesome bandits, and afterwards provided the guards with some useful advice and tips.;Un aventurier a aidé les gardes de ce personnage à traquer une bande de bandits gênants, et leur a ensuite donné quelques conseils et astuces utiles.;;;;;;;;;;;;x
VIET_anvil_siren_helper_female;Assisted Against Siren Gang;A assisté contre le gang des sirènes;;;;;;;;;;;;x
VIET_anvil_siren_helper_female_desc;This woman was once a cuning adventurer who helped a ruler track down an all-female gang of bandits who used seduction to rob men. She pretended to want to join their gang, but in reality was helping set up an ambush for the ruler's guards.;Cette femme était autrefois une aventurière cunilingue qui a aidé un dirigeant à traquer une bande de bandits entièrement féminine qui utilisait la séduction pour voler des hommes. Elle prétendait vouloir rejoindre leur gang, mais en réalité, elle aidait à préparer une embuscade pour les gardes du dirigeant.;;;;;;;;;;;;x
VIET_anvil_siren_helper_male;Assisted Against Siren Gang;A assisté contre le gang des sirènes;;;;;;;;;;;;x
VIET_anvil_siren_helper_male_desc;This man was once a cuning adventurer who helped a ruler track down an all-female gang of bandits who used seduction to rob men. He pretended to fall for the gang's tricks, but in reality was helping set up an ambush for the ruler's guards.;Cet homme était autrefois un aventurier cunilingue qui aidait un dirigeant à traquer une bande de bandits entièrement féminine qui utilisait la séduction pour voler des hommes. Il prétendait tomber dans le piège du gang, mais en réalité il aidait à préparer une embuscade pour les gardes du dirigeant.;;;;;;;;;;;;x
VIET_province_famous_baklava;Famous for its Baklava;Célèbre pour son baklava;;;;;;;;;;;;x
VIET_province_famous_baklava_desc;Baklava is a delicious pastry made from layers of dough filled with all manner of honey, syrup, nuts, and so on.;Le baklava est une délicieuse pâtisserie faite de couches de pâte remplies de toutes sortes de miel, de sirop, de noix, etc.;;;;;;;;;;;;x
VIET_scarborough_fair_lesson;Lesson of Scarborough Fair;Leçon de la foire de Scarborough;;;;;;;;;;;;x
VIET_scarborough_fair_lesson_desc;"Are you going to Scarborough Fair?\nParsley, sage, rosemary, and thyme.\nRemember me to one who lives there\nShe once was a true love of mine.";"Allez-vous à la foire de Scarborough ? Parsley, sauge, romarin et thym.\nSouvenez-vous de celle qui y vit.\nElle était autrefois un véritable amour pour moi.";;;;;;;;;;;;x
xxxxxxxxxx;xxxxx;xxxxx;;;;;;;;;;;;x
